0,3,1000
[0. 0. 0. 0. 0. 0. 0. 0. 0. 0. 0. 0. 0. 0. 0. 0. 0. 1. 0. 0. 0.][0. 0. 0. 0. 1. 1. 1. 1. 0. 1. 1. 0. 0. 0. 1. 1. 1. 0. 0. 0. 1.][0.71420039 0.         0.         0.28579961]
[0. 0. 0. 0. 0. 0. 0. 0. 0. 0. 0. 0. 0. 0. 0. 0. 0. 1. 0. 0. 0.][0. 0. 0. 0. 1. 1. 1. 1. 0. 1. 1. 0. 0. 0. 1. 1. 1. 0. 0. 0. 1.][0.71420039 0.         0.         0.28579961]
[0. 0. 0. 0. 0. 0. 0. 0. 0. 0. 0. 0. 0. 0. 0. 0. 0. 1. 0. 0. 0.][0. 0. 0. 0. 1. 1. 1. 1. 0. 1. 1. 0. 0. 0. 1. 1. 1. 0. 0. 0. 1.][0.71420039 0.         0.         0.28579961]
[0. 0. 0. 0. 0. 0. 0. 0. 0. 0. 0. 0. 0. 0. 0. 1. 0. 1. 1. 0. 0.][0. 0. 0. 0. 1. 1. 1. 1. 0. 0. 1. 0. 0. 0. 0. 1. 1. 0. 0. 0. 1.][0.         0.68020158 0.         0.31979842]
[0. 0. 0. 0. 0. 0. 0. 0. 0. 0. 0. 0. 0. 0. 0. 1. 0. 1. 1. 0. 0.][0. 0. 0. 0. 1. 1. 1. 1. 0. 0. 1. 0. 0. 0. 0. 1. 1. 0. 0. 0. 1.][0.         0.68020158 0.         0.31979842]
[0. 0. 0. 0. 0. 0. 0. 0. 0. 0. 0. 0. 0. 0. 0. 1. 0. 1. 1. 0. 0.][0. 0. 0. 0. 1. 1. 1. 1. 0. 0. 1. 0. 0. 0. 0. 1. 1. 0. 0. 0. 1.][0.         0.68020158 0.         0.31979842]
[0. 0. 0. 0. 0. 0. 0. 0. 0. 1. 0. 0. 0. 1. 0. 0. 0. 0. 1. 0. 0.][0. 1. 0. 1. 0. 0. 0. 0. 0. 1. 1. 1. 1. 0. 1. 0. 0. 0. 1. 0. 0.][0.         0.         0.69571539 0.30428461]
[0. 0. 0. 0. 0. 0. 0. 0. 0. 1. 0. 0. 0. 1. 0. 0. 0. 0. 1. 0. 0.][0. 1. 0. 1. 0. 0. 0. 0. 0. 1. 1. 1. 1. 0. 1. 0. 0. 0. 1. 0. 0.][0.         0.         0.69571539 0.30428461]
[0. 0. 0. 0. 0. 0. 0. 0. 0. 1. 0. 0. 0. 1. 0. 0. 0. 0. 1. 0. 0.][0. 1. 0. 1. 0. 0. 0. 0. 0. 1. 1. 1. 1. 0. 1. 0. 0. 0. 1. 0. 0.][0.         0.         0.69571539 0.30428461]
