0,3,100
[0. 0. 0. 0. 0. 0. 0. 0. 1. 0. 0. 0. 0. 1. 0. 0. 0. 0. 1. 1. 0.][0. 0. 0. 0. 1. 1. 1. 0. 0. 0. 0. 1. 0. 0. 1. 1. 1. 0. 0. 0. 0.][1. 0. 0. 0.]
[0. 0. 0. 0. 0. 0. 0. 0. 1. 0. 0. 0. 0. 1. 0. 0. 0. 0. 1. 1. 0.][0. 0. 0. 0. 1. 1. 1. 0. 0. 0. 0. 1. 0. 0. 1. 1. 1. 0. 0. 0. 0.][1. 0. 0. 0.]
[0. 0. 0. 0. 0. 0. 0. 0. 1. 0. 0. 0. 0. 1. 0. 0. 0. 0. 1. 1. 0.][0. 0. 0. 0. 1. 1. 1. 0. 0. 0. 0. 1. 0. 0. 1. 1. 1. 0. 0. 0. 0.][1. 0. 0. 0.]
[0. 0. 0. 0. 0. 0. 0. 0. 0. 0. 0. 0. 0. 1. 1. 0. 0. 0. 0. 0. 0.][1. 1. 1. 0. 1. 0. 1. 0. 0. 0. 0. 0. 1. 0. 1. 0. 0. 0. 1. 1. 0.][0. 1. 0. 0.]
[0. 0. 0. 0. 0. 0. 0. 0. 0. 0. 0. 0. 0. 1. 1. 0. 0. 0. 0. 0. 0.][1. 1. 1. 0. 1. 0. 1. 0. 0. 0. 0. 0. 1. 0. 1. 0. 0. 0. 1. 1. 0.][0. 1. 0. 0.]
[0. 0. 0. 0. 0. 0. 0. 0. 0. 0. 0. 0. 0. 1. 1. 0. 0. 0. 0. 0. 0.][1. 1. 1. 0. 1. 0. 1. 0. 0. 0. 0. 0. 1. 0. 1. 0. 0. 0. 1. 1. 0.][0. 1. 0. 0.]
[0. 0. 0. 0. 0. 0. 0. 0. 0. 0. 1. 0. 0. 1. 0. 0. 0. 0. 0. 1. 1.][0. 1. 0. 0. 0. 0. 0. 1. 1. 1. 1. 1. 1. 0. 0. 0. 0. 0. 0. 0. 0.][0.         0.         0.64493959 0.35506041]
[0. 0. 0. 0. 0. 0. 0. 0. 0. 0. 1. 0. 0. 1. 0. 0. 0. 0. 0. 1. 1.][0. 1. 0. 0. 0. 0. 0. 1. 1. 1. 1. 1. 1. 0. 0. 0. 0. 0. 0. 0. 0.][0.         0.         0.64493959 0.35506041]
[0. 0. 0. 0. 0. 0. 0. 0. 0. 0. 1. 0. 0. 1. 0. 0. 0. 0. 0. 1. 1.][0. 1. 0. 0. 0. 0. 0. 1. 1. 1. 1. 1. 1. 0. 0. 0. 0. 0. 0. 0. 0.][0.         0.         0.64493959 0.35506041]
