0,3,500
[0. 0. 0. 0. 0. 0. 0. 0. 0. 0. 1. 0. 0. 1. 0. 0. 0. 0. 1. 1. 1.][0. 0. 0. 0. 1. 0. 0. 0. 0. 1. 1. 1. 0. 0. 1. 0. 0. 1. 0. 0. 0.][1. 0. 0. 0.]
[0. 0. 0. 0. 0. 0. 0. 0. 0. 0. 1. 0. 0. 1. 0. 0. 0. 0. 1. 1. 1.][0. 0. 0. 0. 1. 0. 0. 0. 0. 1. 1. 1. 0. 0. 1. 0. 0. 1. 0. 0. 0.][1. 0. 0. 0.]
[0. 0. 0. 0. 0. 0. 0. 0. 0. 0. 1. 0. 0. 1. 0. 0. 0. 0. 1. 1. 1.][0. 0. 0. 0. 1. 0. 0. 0. 0. 1. 1. 1. 0. 0. 1. 0. 0. 1. 0. 0. 0.][1. 0. 0. 0.]
[0. 0. 0. 0. 0. 0. 0. 1. 0. 0. 1. 0. 0. 0. 1. 0. 0. 0. 1. 1. 0.][1. 1. 0. 1. 0. 0. 0. 0. 0. 1. 0. 0. 0. 1. 1. 0. 0. 0. 0. 0. 0.][0.53562679 0.46437321 0.         0.        ]
[0. 0. 0. 0. 0. 0. 0. 1. 0. 0. 1. 0. 0. 0. 1. 0. 0. 0. 1. 1. 0.][1. 1. 0. 1. 0. 0. 0. 0. 0. 1. 0. 0. 0. 1. 1. 0. 0. 0. 0. 0. 0.][0.53562679 0.46437321 0.         0.        ]
[0. 0. 0. 0. 0. 0. 0. 1. 0. 0. 1. 0. 0. 0. 1. 0. 0. 0. 1. 1. 0.][1. 1. 0. 1. 0. 0. 0. 0. 0. 1. 0. 0. 0. 1. 1. 0. 0. 0. 0. 0. 0.][0.53562679 0.46437321 0.         0.        ]
[0. 0. 0. 0. 0. 0. 0. 0. 0. 0. 0. 0. 0. 0. 0. 0. 0. 1. 1. 0. 0.][0. 0. 0. 1. 1. 1. 0. 1. 1. 1. 0. 1. 0. 0. 1. 0. 1. 0. 0. 0. 0.][0.29988796 0.         0.70011204 0.        ]
[0. 0. 0. 0. 0. 0. 0. 0. 0. 0. 0. 0. 0. 0. 0. 0. 0. 1. 1. 0. 0.][0. 0. 0. 1. 1. 1. 0. 1. 1. 1. 0. 1. 0. 0. 1. 0. 1. 0. 0. 0. 0.][0.29988796 0.         0.70011204 0.        ]
[0. 0. 0. 0. 0. 0. 0. 0. 0. 0. 0. 0. 0. 0. 0. 0. 0. 1. 1. 0. 0.][0. 0. 0. 1. 1. 1. 0. 1. 1. 1. 0. 1. 0. 0. 1. 0. 1. 0. 0. 0. 0.][0.29988796 0.         0.70011204 0.        ]
[0. 0. 0. 0. 0. 0. 1. 0. 0. 0. 1. 0. 0. 0. 1. 0. 0. 0. 1. 1. 0.][0. 0. 1. 0. 0. 0. 1. 0. 0. 1. 0. 1. 0. 1. 0. 0. 0. 0. 1. 0. 0.][0. 0. 0. 1.]
[0. 0. 0. 0. 0. 0. 1. 0. 0. 0. 1. 0. 0. 0. 1. 0. 0. 0. 1. 1. 0.][0. 0. 1. 0. 0. 0. 1. 0. 0. 1. 0. 1. 0. 1. 0. 0. 0. 0. 1. 0. 0.][0. 0. 0. 1.]
[0. 0. 0. 0. 0. 0. 1. 0. 0. 0. 1. 0. 0. 0. 1. 0. 0. 0. 1. 1. 0.][0. 0. 1. 0. 0. 0. 1. 0. 0. 1. 0. 1. 0. 1. 0. 0. 0. 0. 1. 0. 0.][0. 0. 0. 1.]
