0,3,200
[0. 0. 0. 0. 0. 0. 0. 0. 0. 0. 0. 0. 0. 0. 0. 0. 1. 1. 0. 0. 0.][0. 0. 1. 0. 0. 0. 1. 1. 1. 1. 1. 1. 1. 0. 0. 0. 0. 1. 0. 0. 0.][0.6363417 0.        0.3636583 0.       ]
[0. 0. 0. 0. 0. 0. 0. 0. 0. 0. 0. 0. 0. 0. 0. 0. 1. 1. 0. 0. 0.][0. 0. 1. 0. 0. 0. 1. 1. 1. 1. 1. 1. 1. 0. 0. 0. 0. 1. 0. 0. 0.][0.6363417 0.        0.3636583 0.       ]
[0. 0. 0. 0. 0. 0. 0. 0. 0. 0. 0. 0. 0. 0. 0. 0. 1. 1. 0. 0. 0.][0. 0. 1. 0. 0. 0. 1. 1. 1. 1. 1. 1. 1. 0. 0. 0. 0. 1. 0. 0. 0.][0.6363417 0.        0.3636583 0.       ]
[0. 0. 0. 1. 0. 0. 0. 0. 0. 1. 0. 0. 1. 0. 0. 0. 0. 1. 0. 1. 1.][0. 0. 0. 0. 0. 0. 0. 0. 0. 1. 1. 1. 0. 0. 0. 1. 1. 0. 0. 0. 0.][0. 1. 0. 0.]
[0. 0. 0. 1. 0. 0. 0. 0. 0. 1. 0. 0. 1. 0. 0. 0. 0. 1. 0. 1. 1.][0. 0. 0. 0. 0. 0. 0. 0. 0. 1. 1. 1. 0. 0. 0. 1. 1. 0. 0. 0. 0.][0. 1. 0. 0.]
[0. 0. 0. 1. 0. 0. 0. 0. 0. 1. 0. 0. 1. 0. 0. 0. 0. 1. 0. 1. 1.][0. 0. 0. 0. 0. 0. 0. 0. 0. 1. 1. 1. 0. 0. 0. 1. 1. 0. 0. 0. 0.][0. 1. 0. 0.]
[0. 0. 0. 0. 0. 1. 1. 0. 0. 1. 0. 0. 0. 1. 0. 0. 0. 1. 1. 0. 0.][1. 1. 0. 0. 0. 0. 0. 0. 0. 1. 0. 0. 0. 0. 0. 1. 1. 0. 0. 0. 0.][0.         0.59725425 0.         0.40274575]
[0. 0. 0. 0. 0. 1. 1. 0. 0. 1. 0. 0. 0. 1. 0. 0. 0. 1. 1. 0. 0.][1. 1. 0. 0. 0. 0. 0. 0. 0. 1. 0. 0. 0. 0. 0. 1. 1. 0. 0. 0. 0.][0.         0.59725425 0.         0.40274575]
[0. 0. 0. 0. 0. 1. 1. 0. 0. 1. 0. 0. 0. 1. 0. 0. 0. 1. 1. 0. 0.][1. 1. 0. 0. 0. 0. 0. 0. 0. 1. 0. 0. 0. 0. 0. 1. 1. 0. 0. 0. 0.][0.         0.59725425 0.         0.40274575]
