0,3,20
[0. 0. 0. 0. 0. 0. 0. 0. 0. 0. 0. 0. 0. 0. 1. 1. 0. 1. 0. 0. 0.][0. 1. 0. 0. 0. 1. 0. 0. 0. 1. 1. 1. 0. 1. 0. 0. 1. 0. 0. 0. 1.][1. 0. 0. 0.]
[0. 0. 0. 0. 0. 0. 0. 0. 0. 0. 0. 0. 0. 0. 1. 1. 0. 1. 0. 0. 0.][0. 1. 0. 0. 0. 1. 0. 0. 0. 1. 1. 1. 0. 1. 0. 0. 1. 0. 0. 0. 1.][1. 0. 0. 0.]
[0. 0. 0. 0. 0. 0. 0. 0. 0. 0. 0. 0. 0. 0. 1. 1. 0. 1. 0. 0. 0.][0. 1. 0. 0. 0. 1. 0. 0. 0. 1. 1. 1. 0. 1. 0. 0. 1. 0. 0. 0. 1.][1. 0. 0. 0.]
[0. 0. 0. 0. 0. 0. 1. 0. 0. 0. 0. 0. 1. 0. 1. 1. 0. 0. 0. 0. 1.][0. 1. 0. 0. 0. 0. 0. 1. 1. 1. 0. 1. 0. 0. 0. 0. 0. 1. 0. 0. 0.][0. 1. 0. 0.]
[0. 0. 0. 0. 0. 0. 1. 0. 0. 0. 0. 0. 1. 0. 1. 1. 0. 0. 0. 0. 1.][0. 1. 0. 0. 0. 0. 0. 1. 1. 1. 0. 1. 0. 0. 0. 0. 0. 1. 0. 0. 0.][0. 1. 0. 0.]
[0. 0. 0. 0. 0. 0. 1. 0. 0. 0. 0. 0. 1. 0. 1. 1. 0. 0. 0. 0. 1.][0. 1. 0. 0. 0. 0. 0. 1. 1. 1. 0. 1. 0. 0. 0. 0. 0. 1. 0. 0. 0.][0. 1. 0. 0.]
[0. 0. 0. 0. 0. 0. 0. 0. 0. 0. 0. 0. 0. 0. 0. 0. 1. 0. 0. 0. 0.][0. 0. 0. 1. 0. 1. 0. 1. 1. 1. 1. 0. 0. 1. 1. 1. 1. 0. 0. 0. 0.][0.33938405 0.         0.66061595 0.        ]
[0. 0. 0. 0. 0. 0. 0. 0. 0. 0. 0. 0. 0. 0. 0. 0. 1. 0. 0. 0. 0.][0. 0. 0. 1. 0. 1. 0. 1. 1. 1. 1. 0. 0. 1. 1. 1. 1. 0. 0. 0. 0.][0.33938405 0.         0.66061595 0.        ]
[0. 0. 0. 0. 0. 0. 0. 0. 0. 0. 0. 0. 0. 0. 0. 0. 1. 0. 0. 0. 0.][0. 0. 0. 1. 0. 1. 0. 1. 1. 1. 1. 0. 0. 1. 1. 1. 1. 0. 0. 0. 0.][0.33938405 0.         0.66061595 0.        ]
[0. 0. 0. 0. 0. 0. 1. 0. 1. 0. 0. 0. 0. 0. 0. 0. 1. 0. 0. 0. 1.][1. 0. 0. 1. 0. 1. 0. 0. 0. 0. 0. 1. 1. 1. 0. 0. 0. 0. 1. 0. 0.][0.31567949 0.         0.         0.68432051]
[0. 0. 0. 0. 0. 0. 1. 0. 1. 0. 0. 0. 0. 0. 0. 0. 1. 0. 0. 0. 1.][1. 0. 0. 1. 0. 1. 0. 0. 0. 0. 0. 1. 1. 1. 0. 0. 0. 0. 1. 0. 0.][0.31567949 0.         0.         0.68432051]
[0. 0. 0. 0. 0. 0. 1. 0. 1. 0. 0. 0. 0. 0. 0. 0. 1. 0. 0. 0. 1.][1. 0. 0. 1. 0. 1. 0. 0. 0. 0. 0. 1. 1. 1. 0. 0. 0. 0. 1. 0. 0.][0.31567949 0.         0.         0.68432051]
