0,3,500
[0. 0. 0. 0. 0. 0. 0. 0. 0. 0. 0. 0. 0. 0. 0. 0. 0. 1. 0. 0. 0.][0. 0. 1. 0. 0. 1. 1. 0. 0. 1. 1. 1. 0. 1. 1. 1. 0. 0. 1. 0. 0.][0.5894087 0.4105913 0.        0.       ]
[0. 0. 0. 0. 0. 0. 0. 0. 0. 0. 0. 0. 0. 0. 0. 0. 0. 1. 0. 0. 0.][0. 0. 1. 0. 0. 1. 1. 0. 0. 1. 1. 1. 0. 1. 1. 1. 0. 0. 1. 0. 0.][0.5894087 0.4105913 0.        0.       ]
[0. 0. 0. 0. 0. 0. 0. 0. 0. 0. 0. 0. 0. 0. 0. 0. 0. 1. 0. 0. 0.][0. 0. 1. 0. 0. 1. 1. 0. 0. 1. 1. 1. 0. 1. 1. 1. 0. 0. 1. 0. 0.][0.5894087 0.4105913 0.        0.       ]
[0. 0. 0. 0. 0. 0. 0. 0. 0. 0. 0. 0. 0. 1. 1. 0. 0. 0. 1. 0. 0.][0. 0. 1. 0. 1. 1. 0. 0. 0. 0. 1. 1. 0. 1. 0. 1. 1. 0. 0. 0. 0.][0.         0.38274099 0.61725901 0.        ]
[0. 0. 0. 0. 0. 0. 0. 0. 0. 0. 0. 0. 0. 1. 1. 0. 0. 0. 1. 0. 0.][0. 0. 1. 0. 1. 1. 0. 0. 0. 0. 1. 1. 0. 1. 0. 1. 1. 0. 0. 0. 0.][0.         0.38274099 0.61725901 0.        ]
[0. 0. 0. 0. 0. 0. 0. 0. 0. 0. 0. 0. 0. 1. 1. 0. 0. 0. 1. 0. 0.][0. 0. 1. 0. 1. 1. 0. 0. 0. 0. 1. 1. 0. 1. 0. 1. 1. 0. 0. 0. 0.][0.         0.38274099 0.61725901 0.        ]
[1. 0. 0. 0. 0. 0. 0. 0. 0. 0. 0. 0. 0. 0. 1. 0. 0. 1. 1. 0. 0.][0. 1. 0. 1. 0. 0. 1. 0. 0. 0. 0. 0. 1. 0. 0. 0. 0. 1. 1. 0. 1.][0. 0. 0. 1.]
[1. 0. 0. 0. 0. 0. 0. 0. 0. 0. 0. 0. 0. 0. 1. 0. 0. 1. 1. 0. 0.][0. 1. 0. 1. 0. 0. 1. 0. 0. 0. 0. 0. 1. 0. 0. 0. 0. 1. 1. 0. 1.][0. 0. 0. 1.]
[1. 0. 0. 0. 0. 0. 0. 0. 0. 0. 0. 0. 0. 0. 1. 0. 0. 1. 1. 0. 0.][0. 1. 0. 1. 0. 0. 1. 0. 0. 0. 0. 0. 1. 0. 0. 0. 0. 1. 1. 0. 1.][0. 0. 0. 1.]
