0,3,50
[0. 0. 0. 0. 0. 0. 0. 0. 0. 0. 0. 0. 0. 0. 0. 1. 0. 0. 1. 0. 0.][0. 1. 0. 0. 1. 1. 1. 1. 0. 0. 0. 1. 0. 0. 0. 1. 0. 1. 0. 0. 1.][0.43969564 0.         0.56030436 0.        ]
[0. 0. 0. 0. 0. 0. 0. 0. 0. 0. 0. 0. 0. 0. 0. 1. 0. 0. 1. 0. 0.][0. 1. 0. 0. 1. 1. 1. 1. 0. 0. 0. 1. 0. 0. 0. 1. 0. 1. 0. 0. 1.][0.43969564 0.         0.56030436 0.        ]
[0. 0. 0. 0. 0. 0. 0. 0. 0. 0. 0. 0. 0. 0. 0. 1. 0. 0. 1. 0. 0.][0. 1. 0. 0. 1. 1. 1. 1. 0. 0. 0. 1. 0. 0. 0. 1. 0. 1. 0. 0. 1.][0.43969564 0.         0.56030436 0.        ]
[0. 0. 0. 0. 0. 0. 0. 0. 0. 0. 0. 0. 0. 0. 1. 0. 0. 0. 0. 1. 0.][1. 0. 1. 0. 0. 0. 0. 1. 0. 1. 0. 1. 1. 1. 1. 0. 1. 0. 0. 0. 0.][0. 1. 0. 0.]
[0. 0. 0. 0. 0. 0. 0. 0. 0. 0. 0. 0. 0. 0. 1. 0. 0. 0. 0. 1. 0.][1. 0. 1. 0. 0. 0. 0. 1. 0. 1. 0. 1. 1. 1. 1. 0. 1. 0. 0. 0. 0.][0. 1. 0. 0.]
[0. 0. 0. 0. 0. 0. 0. 0. 0. 0. 0. 0. 0. 0. 1. 0. 0. 0. 0. 1. 0.][1. 0. 1. 0. 0. 0. 0. 1. 0. 1. 0. 1. 1. 1. 1. 0. 1. 0. 0. 0. 0.][0. 1. 0. 0.]
[0. 0. 0. 0. 0. 1. 0. 1. 0. 0. 0. 1. 0. 0. 1. 0. 0. 0. 0. 1. 0.][0. 0. 0. 0. 0. 0. 1. 0. 0. 1. 0. 0. 1. 1. 0. 0. 0. 1. 0. 0. 1.][0.        0.        0.3696218 0.6303782]
[0. 0. 0. 0. 0. 1. 0. 1. 0. 0. 0. 1. 0. 0. 1. 0. 0. 0. 0. 1. 0.][0. 0. 0. 0. 0. 0. 1. 0. 0. 1. 0. 0. 1. 1. 0. 0. 0. 1. 0. 0. 1.][0.        0.        0.3696218 0.6303782]
[0. 0. 0. 0. 0. 1. 0. 1. 0. 0. 0. 1. 0. 0. 1. 0. 0. 0. 0. 1. 0.][0. 0. 0. 0. 0. 0. 1. 0. 0. 1. 0. 0. 1. 1. 0. 0. 0. 1. 0. 0. 1.][0.        0.        0.3696218 0.6303782]
