2,3,5000
[0. 0. 0. 0. 1. 0. 0. 0. 0. 1. 1. 0. 0. 1. 0. 0. 0. 0. 1. 0. 1.][0. 0. 1. 0. 0. 0. 0. 0. 1. 1. 0. 1. 0. 0. 1. 0. 0. 0. 0. 0. 0.][0. 0. 1. 0.]
[0. 0. 0. 0. 0. 0. 0. 0. 0. 0. 0. 0. 0. 1. 0. 0. 0. 0. 1. 1. 0.][1. 0. 1. 0. 1. 0. 0. 1. 1. 1. 0. 1. 0. 0. 1. 0. 0. 0. 0. 0. 0.][0. 0. 1. 0.]
[0. 0. 0. 0. 0. 0. 0. 0. 0. 0. 0. 0. 0. 0. 0. 1. 0. 1. 0. 0. 0.][0. 0. 0. 0. 0. 0. 1. 1. 1. 1. 0. 0. 1. 0. 0. 1. 1. 0. 1. 0. 1.][0.52612397 0.         0.         0.47387603]
[0. 0. 0. 0. 0. 0. 0. 0. 0. 0. 0. 0. 0. 0. 0. 1. 0. 1. 0. 0. 0.][0. 0. 0. 0. 0. 0. 1. 1. 1. 1. 0. 0. 1. 0. 0. 1. 1. 0. 1. 0. 1.][0.52612397 0.         0.         0.47387603]
[0. 0. 0. 0. 0. 0. 0. 0. 0. 0. 0. 0. 0. 0. 0. 1. 0. 1. 0. 0. 0.][0. 0. 0. 0. 0. 0. 1. 1. 1. 1. 0. 0. 1. 0. 0. 1. 1. 0. 1. 0. 1.][0.52612397 0.         0.         0.47387603]
[1. 0. 0. 1. 1. 1. 1. 0. 0. 0. 0. 0. 0. 0. 0. 0. 1. 0. 1. 0. 0.][0. 0. 0. 0. 0. 0. 0. 0. 0. 0. 0. 0. 0. 1. 0. 0. 0. 1. 0. 1. 1.][0.73004078 0.26995922 0.         0.        ]
[1. 0. 0. 1. 1. 1. 1. 0. 0. 0. 0. 0. 0. 0. 0. 0. 1. 0. 1. 0. 0.][0. 0. 0. 0. 0. 0. 0. 0. 0. 0. 0. 0. 0. 1. 0. 0. 0. 1. 0. 1. 1.][0.73004078 0.26995922 0.         0.        ]
[1. 0. 0. 1. 1. 1. 1. 0. 0. 0. 0. 0. 0. 0. 0. 0. 1. 0. 1. 0. 0.][0. 0. 0. 0. 0. 0. 0. 0. 0. 0. 0. 0. 0. 1. 0. 0. 0. 1. 0. 1. 1.][0.73004078 0.26995922 0.         0.        ]
[0. 0. 0. 0. 0. 0. 0. 0. 0. 0. 0. 0. 0. 0. 1. 1. 0. 1. 0. 0. 0.][0. 1. 1. 0. 0. 1. 1. 0. 0. 0. 0. 0. 1. 0. 1. 1. 1. 0. 0. 0. 0.][0.         0.         0.50968034 0.49031966]
