2,3,5000
[0. 0. 0. 0. 1. 0. 1. 0. 1. 0. 1. 0. 0. 1. 0. 0. 0. 0. 1. 0. 0.][0. 0. 1. 0. 0. 0. 0. 0. 1. 0. 1. 0. 0. 1. 0. 0. 0. 0. 1. 0. 0.][1. 0. 0. 0.]
[0. 0. 0. 0. 0. 0. 0. 0. 0. 0. 0. 0. 0. 1. 0. 0. 0. 0. 1. 1. 0.][0. 1. 1. 0. 0. 0. 0. 1. 1. 1. 1. 0. 0. 1. 0. 0. 0. 1. 0. 0. 0.][1. 0. 0. 0.]
[0. 0. 0. 0. 0. 0. 0. 0. 0. 0. 0. 0. 0. 0. 1. 1. 0. 1. 0. 0. 0.][1. 0. 0. 0. 1. 1. 0. 1. 0. 0. 0. 0. 1. 0. 1. 0. 1. 1. 0. 0. 0.][1. 0. 0. 0.]
[0. 0. 0. 0. 0. 0. 0. 0. 1. 0. 0. 0. 0. 0. 0. 1. 0. 1. 1. 0. 0.][0. 0. 1. 0. 0. 0. 1. 1. 1. 1. 0. 1. 0. 0. 0. 1. 0. 0. 0. 0. 0.][0. 1. 0. 0.]
[0. 0. 0. 0. 0. 0. 0. 0. 1. 0. 0. 0. 0. 0. 0. 1. 0. 1. 1. 0. 0.][0. 0. 1. 0. 0. 0. 1. 1. 1. 1. 0. 1. 0. 0. 0. 1. 0. 0. 0. 0. 0.][0. 1. 0. 0.]
[0. 0. 0. 0. 0. 0. 0. 0. 1. 0. 0. 0. 0. 0. 0. 1. 0. 1. 1. 0. 0.][0. 0. 1. 0. 0. 0. 1. 1. 1. 1. 0. 1. 0. 0. 0. 1. 0. 0. 0. 0. 0.][0. 1. 0. 0.]
[1. 0. 0. 0. 0. 0. 0. 0. 0. 0. 0. 0. 0. 0. 0. 1. 0. 1. 1. 0. 0.][0. 0. 1. 0. 1. 1. 1. 0. 0. 1. 0. 0. 0. 0. 0. 1. 0. 0. 0. 0. 1.][0.5503099 0.        0.4496901 0.       ]
[1. 0. 0. 0. 0. 0. 0. 0. 0. 0. 0. 0. 0. 0. 0. 1. 0. 1. 1. 0. 0.][0. 0. 1. 0. 1. 1. 1. 0. 0. 1. 0. 0. 0. 0. 0. 1. 0. 0. 0. 0. 1.][0.5503099 0.        0.4496901 0.       ]
[1. 0. 0. 0. 0. 0. 0. 0. 0. 0. 0. 0. 0. 0. 0. 1. 0. 1. 1. 0. 0.][0. 0. 1. 0. 1. 1. 1. 0. 0. 1. 0. 0. 0. 0. 0. 1. 0. 0. 0. 0. 1.][0.5503099 0.        0.4496901 0.       ]
[1. 0. 0. 0. 0. 0. 0. 0. 0. 0. 0. 0. 0. 0. 0. 1. 0. 1. 0. 0. 0.][0. 0. 0. 0. 1. 1. 1. 0. 1. 1. 0. 0. 1. 0. 0. 1. 0. 0. 0. 1. 0.][0.         0.         0.65614272 0.34385728]
[1. 0. 0. 0. 0. 0. 0. 0. 0. 0. 0. 0. 0. 0. 0. 1. 0. 1. 0. 0. 0.][0. 0. 0. 0. 1. 1. 1. 0. 1. 1. 0. 0. 1. 0. 0. 1. 0. 0. 0. 1. 0.][0.         0.         0.65614272 0.34385728]
[1. 0. 0. 0. 0. 0. 0. 0. 0. 0. 0. 0. 0. 0. 0. 1. 0. 1. 0. 0. 0.][0. 0. 0. 0. 1. 1. 1. 0. 1. 1. 0. 0. 1. 0. 0. 1. 0. 0. 0. 1. 0.][0.         0.         0.65614272 0.34385728]
