2,3,5000
[0. 0. 0. 1. 1. 0. 0. 0. 0. 0. 0. 1. 0. 0. 0. 0. 1. 1. 0. 0. 1.][1. 0. 0. 0. 0. 1. 0. 0. 0. 0. 1. 0. 0. 0. 1. 0. 0. 1. 0. 0. 0.][0. 1. 0. 0.]
[0. 0. 0. 0. 0. 0. 0. 0. 0. 0. 0. 1. 0. 0. 0. 0. 1. 0. 0. 0. 0.][0. 0. 1. 0. 1. 1. 0. 1. 0. 0. 1. 1. 0. 0. 0. 1. 1. 1. 0. 0. 0.][0. 1. 0. 0.]
[0. 0. 0. 0. 0. 0. 0. 1. 0. 0. 0. 0. 1. 0. 0. 0. 1. 1. 0. 1. 1.][1. 0. 0. 0. 0. 1. 0. 1. 0. 1. 0. 0. 0. 0. 1. 0. 0. 0. 0. 0. 0.][0.38473531 0.61526469 0.         0.        ]
[0. 0. 0. 0. 0. 0. 0. 1. 0. 0. 0. 0. 1. 0. 0. 0. 1. 1. 0. 1. 1.][1. 0. 0. 0. 0. 1. 0. 1. 0. 1. 0. 0. 0. 0. 1. 0. 0. 0. 0. 0. 0.][0.38473531 0.61526469 0.         0.        ]
[0. 0. 0. 0. 0. 0. 0. 1. 0. 0. 0. 0. 1. 0. 0. 0. 1. 1. 0. 1. 1.][1. 0. 0. 0. 0. 1. 0. 1. 0. 1. 0. 0. 0. 0. 1. 0. 0. 0. 0. 0. 0.][0.38473531 0.61526469 0.         0.        ]
[0. 0. 0. 0. 0. 0. 0. 0. 0. 0. 0. 0. 0. 1. 0. 1. 1. 0. 0. 0. 0.][0. 0. 0. 0. 1. 0. 1. 1. 1. 1. 1. 1. 0. 0. 0. 1. 0. 0. 0. 0. 0.][0. 0. 1. 0.]
[0. 0. 0. 0. 0. 0. 0. 0. 0. 0. 0. 0. 0. 1. 0. 1. 1. 0. 0. 0. 0.][0. 0. 0. 0. 1. 0. 1. 1. 1. 1. 1. 1. 0. 0. 0. 1. 0. 0. 0. 0. 0.][0. 0. 1. 0.]
[0. 0. 0. 0. 0. 0. 0. 0. 0. 0. 0. 0. 0. 1. 0. 1. 1. 0. 0. 0. 0.][0. 0. 0. 0. 1. 0. 1. 1. 1. 1. 1. 1. 0. 0. 0. 1. 0. 0. 0. 0. 0.][0. 0. 1. 0.]
[0. 0. 0. 0. 0. 0. 0. 0. 0. 0. 0. 0. 1. 0. 0. 0. 0. 0. 0. 0. 1.][0. 1. 1. 0. 1. 0. 0. 0. 0. 0. 1. 1. 1. 0. 1. 1. 1. 0. 0. 0. 0.][0.         0.52809396 0.         0.47190604]
[0. 0. 0. 0. 0. 0. 0. 0. 0. 0. 0. 0. 1. 0. 0. 0. 0. 0. 0. 0. 1.][0. 1. 1. 0. 1. 0. 0. 0. 0. 0. 1. 1. 1. 0. 1. 1. 1. 0. 0. 0. 0.][0.         0.52809396 0.         0.47190604]
[0. 0. 0. 0. 0. 0. 0. 0. 0. 0. 0. 0. 1. 0. 0. 0. 0. 0. 0. 0. 1.][0. 1. 1. 0. 1. 0. 0. 0. 0. 0. 1. 1. 1. 0. 1. 1. 1. 0. 0. 0. 0.][0.         0.52809396 0.         0.47190604]
