2,3,100
[0. 0. 1. 1. 1. 0. 0. 1. 0. 0. 0. 1. 0. 0. 0. 0. 1. 1. 0. 0. 0.][0. 0. 0. 0. 0. 0. 0. 0. 0. 0. 1. 1. 1. 1. 0. 0. 0. 0. 0. 0. 0.][0. 0. 1. 0.]
[0. 0. 0. 0. 0. 0. 0. 0. 0. 0. 0. 1. 0. 0. 0. 0. 1. 0. 0. 0. 0.][0. 0. 1. 0. 1. 0. 1. 0. 1. 1. 1. 0. 0. 0. 0. 1. 1. 0. 1. 0. 0.][0.70097583 0.         0.29902417 0.        ]
[0. 0. 0. 0. 0. 0. 0. 0. 0. 0. 0. 0. 1. 0. 0. 0. 0. 0. 0. 0. 1.][0. 1. 1. 0. 0. 0. 1. 1. 1. 0. 0. 0. 1. 0. 1. 0. 1. 0. 1. 0. 0.][0.40692912 0.59307088 0.         0.        ]
[0. 0. 0. 0. 0. 0. 0. 0. 0. 0. 0. 0. 1. 0. 0. 0. 0. 0. 0. 0. 1.][0. 1. 1. 0. 0. 0. 1. 1. 1. 0. 0. 0. 1. 0. 1. 0. 1. 0. 1. 0. 0.][0.40692912 0.59307088 0.         0.        ]
[0. 0. 0. 0. 0. 0. 0. 0. 0. 0. 0. 0. 1. 0. 0. 0. 0. 0. 0. 0. 1.][0. 1. 1. 0. 0. 0. 1. 1. 1. 0. 0. 0. 1. 0. 1. 0. 1. 0. 1. 0. 0.][0.40692912 0.59307088 0.         0.        ]
[0. 1. 1. 0. 1. 0. 0. 0. 0. 0. 1. 1. 1. 1. 0. 1. 0. 0. 0. 1. 0.][0. 0. 0. 0. 0. 0. 0. 0. 0. 0. 0. 0. 0. 0. 0. 1. 0. 0. 0. 1. 0.][0.3830128 0.        0.6169872 0.       ]
[0. 0. 0. 0. 0. 0. 0. 0. 0. 0. 0. 0. 0. 0. 1. 0. 1. 0. 0. 0. 0.][0. 0. 1. 0. 0. 1. 0. 1. 1. 1. 1. 0. 0. 0. 1. 1. 0. 1. 0. 0. 0.][0.         0.55349436 0.         0.44650564]
[0. 0. 0. 0. 0. 0. 0. 0. 0. 0. 0. 0. 0. 0. 1. 0. 1. 0. 0. 0. 0.][0. 0. 1. 0. 0. 1. 0. 1. 1. 1. 1. 0. 0. 0. 1. 1. 0. 1. 0. 0. 0.][0.         0.55349436 0.         0.44650564]
[0. 0. 0. 0. 0. 0. 0. 0. 0. 0. 0. 0. 0. 0. 1. 0. 1. 0. 0. 0. 0.][0. 0. 1. 0. 0. 1. 0. 1. 1. 1. 1. 0. 0. 0. 1. 1. 0. 1. 0. 0. 0.][0.         0.55349436 0.         0.44650564]
