2,3,200
[0. 0. 0. 0. 1. 1. 0. 0. 1. 0. 1. 0. 0. 1. 0. 0. 0. 0. 1. 0. 1.][0. 0. 0. 0. 0. 0. 0. 0. 0. 0. 1. 1. 0. 1. 1. 0. 0. 0. 0. 0. 0.][0.         0.34145543 0.65854457 0.        ]
[0. 0. 0. 0. 0. 0. 0. 0. 0. 0. 0. 0. 0. 1. 0. 0. 0. 0. 1. 1. 0.][1. 1. 1. 1. 0. 0. 0. 0. 0. 0. 1. 1. 0. 0. 1. 0. 1. 0. 0. 0. 0.][0. 0. 0. 1.]
[0. 0. 0. 0. 0. 0. 0. 0. 0. 0. 1. 0. 0. 0. 1. 0. 0. 0. 1. 1. 1.][1. 1. 0. 0. 0. 0. 0. 0. 0. 1. 0. 0. 0. 1. 1. 0. 0. 0. 0. 0. 1.][0.65483548 0.         0.         0.34516452]
[0. 0. 0. 0. 0. 0. 0. 0. 0. 0. 1. 0. 0. 0. 1. 0. 0. 0. 1. 1. 1.][1. 1. 0. 0. 0. 0. 0. 0. 0. 1. 0. 0. 0. 1. 1. 0. 0. 0. 0. 0. 1.][0.65483548 0.         0.         0.34516452]
[0. 0. 0. 0. 0. 0. 0. 0. 0. 0. 1. 0. 0. 0. 1. 0. 0. 0. 1. 1. 1.][1. 1. 0. 0. 0. 0. 0. 0. 0. 1. 0. 0. 0. 1. 1. 0. 0. 0. 0. 0. 1.][0.65483548 0.         0.         0.34516452]
[0. 0. 0. 0. 0. 0. 0. 0. 0. 0. 0. 0. 0. 0. 1. 0. 0. 1. 0. 0. 1.][0. 0. 0. 0. 0. 0. 1. 1. 0. 0. 0. 0. 0. 1. 1. 1. 1. 1. 0. 0. 1.][0. 1. 0. 0.]
[0. 0. 0. 0. 0. 0. 0. 0. 0. 0. 0. 0. 0. 0. 1. 0. 0. 1. 0. 0. 1.][0. 0. 0. 0. 0. 0. 1. 1. 0. 0. 0. 0. 0. 1. 1. 1. 1. 1. 0. 0. 1.][0. 1. 0. 0.]
[0. 0. 0. 0. 0. 0. 0. 0. 0. 0. 0. 0. 0. 0. 1. 1. 0. 0. 1. 0. 0.][0. 1. 0. 1. 0. 0. 1. 0. 0. 1. 0. 1. 0. 1. 0. 1. 0. 0. 0. 0. 1.][0.35257925 0.30197272 0.34544803 0.        ]
[0. 0. 0. 0. 0. 0. 0. 0. 0. 0. 0. 0. 0. 0. 1. 1. 0. 0. 1. 0. 0.][0. 1. 0. 1. 0. 0. 1. 0. 0. 1. 0. 1. 0. 1. 0. 1. 0. 0. 0. 0. 1.][0.35257925 0.30197272 0.34544803 0.        ]
