2,3,50
[0. 0. 0. 0. 0. 1. 1. 0. 0. 0. 0. 0. 1. 0. 0. 0. 0. 1. 1. 1. 1.][0. 0. 1. 0. 0. 1. 1. 0. 1. 0. 0. 0. 0. 0. 0. 0. 0. 0. 0. 0. 0.][0.46256426 0.53743574 0.         0.        ]
[0. 0. 0. 0. 0. 0. 0. 0. 0. 0. 0. 0. 1. 0. 0. 0. 0. 1. 0. 0. 0.][0. 1. 1. 1. 1. 0. 0. 0. 1. 1. 0. 1. 1. 0. 0. 0. 0. 1. 0. 0. 0.][0. 1. 0. 0.]
[0. 0. 0. 0. 0. 0. 0. 0. 0. 0. 0. 0. 1. 1. 0. 0. 0. 1. 1. 0. 1.][0. 1. 0. 0. 1. 0. 0. 0. 0. 1. 0. 1. 0. 0. 0. 0. 1. 1. 0. 0. 0.][0.66076452 0.         0.33923548 0.        ]
[0. 0. 0. 0. 0. 0. 0. 0. 0. 0. 0. 0. 1. 1. 0. 0. 0. 1. 1. 0. 1.][0. 1. 0. 0. 1. 0. 0. 0. 0. 1. 0. 1. 0. 0. 0. 0. 1. 1. 0. 0. 0.][0.66076452 0.         0.33923548 0.        ]
[0. 0. 0. 0. 0. 0. 0. 0. 0. 0. 0. 0. 1. 1. 0. 0. 1. 1. 0. 0. 0.][0. 0. 1. 0. 0. 0. 1. 0. 0. 1. 1. 0. 0. 0. 1. 1. 0. 1. 0. 0. 0.][0. 1. 0. 0.]
[0. 0. 0. 0. 0. 0. 0. 0. 0. 0. 0. 0. 1. 1. 0. 0. 1. 0. 0. 1. 0.][0. 1. 0. 1. 1. 1. 0. 0. 1. 0. 0. 0. 0. 1. 0. 0. 0. 0. 1. 0. 0.][0. 0. 1. 0.]
[0. 0. 0. 0. 0. 0. 0. 1. 0. 0. 0. 0. 1. 1. 0. 0. 0. 1. 1. 0. 0.][0. 0. 1. 0. 0. 0. 1. 0. 1. 1. 1. 1. 0. 0. 0. 0. 0. 0. 0. 0. 0.][0. 0. 0. 1.]
[0. 0. 0. 0. 0. 0. 0. 1. 0. 0. 0. 0. 1. 1. 0. 0. 0. 1. 1. 0. 0.][0. 0. 1. 0. 0. 0. 1. 0. 1. 1. 1. 1. 0. 0. 0. 0. 0. 0. 0. 0. 0.][0. 0. 0. 1.]
[0. 0. 0. 0. 0. 0. 0. 1. 0. 0. 0. 0. 1. 1. 0. 0. 0. 1. 1. 0. 0.][0. 0. 1. 0. 0. 0. 1. 0. 1. 1. 1. 1. 0. 0. 0. 0. 0. 0. 0. 0. 0.][0. 0. 0. 1.]
