6,2,1000
[0. 0. 0. 1. 0. 0. 0. 0. 0. 1. 0. 0. 1. 0. 0. 0. 0. 1. 0. 0. 0.][0. 1. 0. 0. 0. 0. 0. 0. 0. 0. 1. 0. 0. 1. 1. 1. 0. 1. 0. 0. 1.][0. 0. 0. 1.]
[0. 0. 0. 0. 0. 0. 0. 0. 0. 1. 0. 0. 1. 0. 0. 0. 0. 1. 0. 1. 0.][1. 0. 1. 0. 0. 0. 0. 1. 0. 1. 1. 1. 0. 0. 0. 0. 0. 1. 0. 0. 0.][0. 0. 0. 1.]
[0. 0. 0. 0. 0. 0. 0. 1. 0. 0. 0. 0. 1. 0. 0. 0. 0. 1. 0. 0. 0.][1. 0. 0. 1. 1. 1. 0. 0. 0. 0. 1. 0. 0. 1. 1. 0. 0. 0. 0. 0. 1.][0.         0.         0.54871086 0.45128914]
[0. 0. 0. 0. 0. 0. 0. 0. 0. 0. 0. 0. 0. 1. 1. 0. 0. 0. 0. 0. 0.][0. 1. 1. 1. 1. 1. 0. 1. 0. 0. 0. 0. 0. 0. 1. 0. 1. 0. 1. 0. 0.][0. 0. 1. 0.]
[0. 0. 0. 0. 0. 0. 0. 1. 0. 1. 0. 0. 0. 1. 0. 0. 0. 1. 0. 1. 1.][0. 1. 1. 0. 0. 0. 0. 0. 0. 0. 1. 1. 0. 0. 1. 0. 0. 0. 0. 0. 0.][0. 0. 1. 0.]
[0. 0. 0. 0. 0. 0. 0. 0. 0. 0. 0. 0. 1. 1. 0. 0. 0. 1. 0. 0. 1.][1. 0. 0. 0. 0. 0. 0. 1. 0. 0. 1. 1. 1. 0. 1. 0. 0. 0. 0. 0. 1.][0. 0. 1. 0.]
[0. 0. 0. 0. 0. 0. 0. 0. 0. 0. 0. 0. 0. 0. 1. 0. 1. 1. 0. 0. 0.][0. 0. 0. 1. 1. 1. 1. 0. 0. 1. 1. 0. 0. 0. 0. 0. 0. 1. 1. 0. 0.][1. 0. 0. 0.]
[0. 0. 0. 0. 0. 0. 0. 0. 0. 0. 0. 0. 0. 0. 1. 0. 1. 1. 0. 0. 0.][0. 0. 0. 1. 1. 1. 1. 0. 0. 1. 1. 0. 0. 0. 0. 0. 0. 1. 1. 0. 0.][1. 0. 0. 0.]
[0. 0. 0. 0. 0. 0. 0. 0. 0. 0. 0. 0. 0. 0. 1. 0. 1. 1. 0. 0. 0.][0. 0. 1. 0. 0. 1. 0. 1. 1. 1. 1. 1. 0. 0. 0. 0. 0. 0. 1. 0. 0.][0.         0.41861874 0.58138126 0.        ]
[0. 0. 0. 0. 0. 0. 0. 0. 0. 0. 0. 0. 0. 0. 1. 0. 1. 1. 0. 0. 0.][0. 0. 1. 0. 0. 1. 0. 1. 1. 1. 1. 1. 0. 0. 0. 0. 0. 0. 1. 0. 0.][0.         0.41861874 0.58138126 0.        ]
