6,2,2000
[0. 0. 0. 0. 0. 1. 1. 0. 0. 1. 0. 0. 0. 1. 0. 0. 0. 0. 1. 0. 0.][0. 1. 0. 0. 0. 0. 0. 1. 1. 1. 0. 0. 0. 0. 1. 0. 0. 0. 0. 0. 1.][0. 1. 0. 0.]
[0. 0. 0. 0. 0. 0. 0. 0. 0. 0. 0. 0. 0. 1. 0. 0. 0. 0. 1. 0. 0.][0. 1. 1. 0. 0. 0. 0. 1. 1. 1. 1. 1. 0. 0. 1. 0. 0. 0. 0. 0. 1.][0. 1. 0. 0.]
[0. 0. 0. 0. 0. 0. 0. 1. 0. 0. 0. 0. 0. 1. 0. 0. 0. 0. 1. 1. 0.][0. 1. 0. 1. 0. 1. 1. 0. 0. 0. 0. 0. 1. 1. 1. 0. 0. 0. 0. 0. 0.][0. 1. 0. 0.]
[0. 0. 0. 0. 0. 0. 0. 0. 0. 0. 0. 0. 0. 0. 1. 0. 0. 0. 0. 0. 1.][0. 0. 1. 1. 1. 1. 1. 0. 0. 0. 0. 0. 1. 0. 1. 1. 1. 0. 0. 0. 0.][0. 1. 0. 0.]
[0. 0. 0. 0. 0. 0. 0. 1. 0. 1. 1. 0. 0. 0. 1. 0. 0. 0. 1. 1. 1.][1. 0. 0. 0. 0. 0. 0. 0. 1. 1. 0. 0. 0. 0. 1. 0. 0. 0. 0. 0. 0.][0. 1. 0. 0.]
[0. 0. 0. 0. 0. 0. 0. 0. 0. 0. 0. 0. 0. 0. 1. 0. 0. 0. 1. 0. 0.][1. 1. 1. 0. 0. 0. 0. 1. 1. 1. 1. 1. 0. 0. 1. 0. 0. 0. 0. 0. 0.][0.         0.67424302 0.32575698 0.        ]
[0. 0. 0. 0. 0. 0. 0. 0. 0. 0. 0. 0. 0. 0. 0. 1. 0. 1. 0. 0. 0.][0. 0. 0. 1. 1. 1. 1. 1. 1. 0. 0. 1. 0. 0. 0. 0. 1. 1. 0. 0. 0.][1. 0. 0. 0.]
[0. 0. 0. 0. 0. 0. 0. 0. 0. 0. 0. 0. 0. 0. 0. 1. 0. 1. 0. 0. 0.][0. 0. 0. 1. 1. 1. 1. 1. 1. 0. 0. 1. 0. 0. 0. 0. 1. 1. 0. 0. 0.][1. 0. 0. 0.]
[1. 0. 1. 1. 0. 1. 0. 0. 0. 0. 0. 0. 0. 0. 0. 0. 1. 0. 1. 0. 0.][0. 0. 0. 0. 0. 0. 0. 0. 0. 0. 0. 0. 1. 1. 0. 0. 0. 1. 1. 1. 0.][0. 0. 1. 0.]
[0. 0. 0. 0. 0. 0. 0. 0. 0. 0. 0. 0. 0. 0. 0. 1. 0. 1. 1. 0. 0.][0. 0. 1. 0. 0. 1. 1. 1. 1. 0. 0. 1. 0. 0. 0. 0. 1. 0. 0. 0. 1.][0. 0. 0. 1.]
[0. 0. 0. 0. 0. 0. 0. 0. 0. 0. 0. 0. 0. 0. 0. 1. 0. 1. 1. 0. 0.][0. 0. 1. 0. 0. 1. 1. 1. 1. 0. 0. 1. 0. 0. 0. 0. 1. 0. 0. 0. 1.][0. 0. 0. 1.]
