6,2,2000
[0. 0. 0. 1. 1. 0. 0. 0. 0. 1. 0. 0. 1. 0. 0. 0. 0. 1. 0. 0. 0.][0. 1. 1. 0. 0. 0. 0. 0. 0. 1. 1. 0. 0. 1. 1. 0. 0. 0. 0. 0. 0.][0.         0.52158807 0.47841193 0.        ]
[0. 0. 0. 0. 0. 0. 0. 0. 0. 0. 0. 0. 1. 0. 0. 0. 0. 1. 0. 0. 0.][1. 0. 1. 1. 0. 0. 0. 0. 0. 1. 1. 1. 1. 0. 1. 0. 0. 1. 0. 0. 0.][0.         0.69464062 0.30535938 0.        ]
[0. 0. 0. 0. 0. 0. 0. 1. 0. 1. 0. 0. 1. 0. 0. 0. 0. 1. 0. 1. 0.][1. 0. 0. 0. 1. 1. 0. 0. 1. 0. 0. 0. 0. 1. 1. 0. 0. 0. 0. 0. 0.][0.         0.49936469 0.50063531 0.        ]
[0. 0. 0. 0. 0. 0. 0. 0. 0. 0. 0. 0. 0. 1. 1. 0. 1. 0. 0. 0. 0.][0. 1. 1. 0. 1. 1. 0. 0. 1. 0. 0. 0. 0. 0. 1. 1. 0. 1. 0. 0. 0.][0. 1. 0. 0.]
[0. 0. 0. 0. 0. 0. 0. 1. 0. 1. 0. 0. 0. 1. 0. 0. 0. 1. 1. 1. 1.][0. 1. 0. 0. 0. 0. 0. 0. 0. 0. 0. 1. 1. 0. 1. 0. 0. 0. 0. 0. 0.][0. 1. 0. 0.]
[0. 0. 0. 0. 0. 0. 0. 0. 0. 1. 0. 0. 0. 1. 0. 0. 0. 1. 0. 0. 1.][1. 0. 0. 1. 0. 0. 0. 0. 0. 1. 1. 1. 1. 0. 1. 0. 0. 0. 0. 0. 0.][0.         0.55684796 0.44315204 0.        ]
[0. 0. 0. 0. 0. 0. 0. 0. 0. 0. 0. 0. 0. 0. 1. 0. 1. 0. 0. 0. 0.][0. 0. 0. 0. 0. 1. 1. 1. 1. 1. 1. 0. 0. 0. 0. 1. 1. 1. 0. 0. 0.][1. 0. 0. 0.]
[0. 0. 0. 0. 0. 0. 0. 0. 0. 0. 0. 0. 0. 0. 1. 0. 1. 0. 0. 0. 0.][0. 0. 0. 0. 0. 1. 1. 1. 1. 1. 1. 0. 0. 0. 0. 1. 1. 1. 0. 0. 0.][1. 0. 0. 0.]
[0. 1. 0. 0. 0. 0. 0. 0. 1. 0. 1. 1. 1. 0. 1. 1. 1. 1. 0. 0. 0.][0. 0. 0. 0. 0. 0. 0. 0. 0. 0. 0. 0. 0. 1. 0. 0. 0. 0. 1. 0. 0.][0.         0.64172545 0.         0.35827455]
[0. 1. 0. 0. 0. 0. 0. 0. 1. 0. 1. 1. 1. 0. 1. 1. 1. 1. 0. 0. 0.][0. 0. 0. 0. 0. 0. 0. 0. 0. 0. 0. 0. 0. 1. 0. 0. 0. 0. 1. 0. 0.][0.         0.64172545 0.         0.35827455]
