6,3,20
[0. 0. 0. 0. 1. 0. 1. 0. 0. 1. 0. 1. 1. 0. 1. 0. 0. 1. 0. 1. 0.][0. 1. 0. 0. 0. 0. 0. 0. 0. 0. 0. 0. 0. 1. 0. 0. 0. 0. 0. 0. 1.][0. 0. 1. 0.]
[0. 0. 0. 0. 0. 1. 0. 0. 0. 1. 0. 0. 0. 0. 1. 0. 0. 1. 0. 1. 0.][0. 1. 0. 1. 1. 0. 0. 1. 0. 0. 0. 0. 0. 1. 0. 0. 0. 0. 0. 0. 1.][1. 0. 0. 0.]
[0. 1. 0. 1. 1. 0. 0. 1. 0. 0. 0. 0. 0. 0. 0. 0. 0. 1. 0. 0. 0.][0. 1. 0. 0. 1. 0. 1. 0. 0. 0. 0. 0. 0. 1. 1. 0. 0. 0. 1. 0. 0.][0.37210132 0.         0.62789868 0.        ]
[0. 0. 0. 0. 0. 0. 0. 0. 0. 0. 0. 0. 1. 0. 0. 0. 0. 0. 1. 1. 0.][0. 0. 0. 0. 0. 0. 1. 1. 0. 1. 1. 0. 1. 0. 0. 1. 0. 1. 1. 0. 0.][0.40597633 0.         0.         0.59402367]
[0. 0. 0. 0. 0. 0. 0. 0. 0. 0. 0. 0. 1. 1. 0. 0. 0. 0. 1. 0. 0.][0. 1. 1. 1. 0. 1. 1. 0. 0. 1. 0. 0. 0. 0. 0. 0. 0. 0. 0. 1. 1.][0.         0.37123479 0.62876521 0.        ]
[0. 0. 0. 0. 0. 0. 0. 0. 0. 1. 0. 0. 1. 0. 1. 0. 0. 0. 1. 0. 0.][0. 0. 1. 1. 0. 0. 0. 1. 1. 0. 0. 1. 0. 0. 0. 0. 0. 0. 0. 1. 1.][0. 0. 0. 1.]
[0. 0. 0. 0. 0. 0. 0. 0. 0. 0. 0. 0. 0. 0. 0. 0. 0. 0. 0. 0. 1.][1. 0. 0. 0. 0. 0. 0. 0. 1. 1. 0. 1. 1. 1. 0. 1. 1. 1. 1. 0. 0.][0. 1. 0. 0.]
[0. 0. 0. 0. 0. 0. 0. 0. 0. 0. 0. 0. 0. 0. 0. 0. 0. 0. 0. 0. 1.][1. 0. 0. 0. 0. 0. 0. 0. 1. 1. 0. 1. 1. 1. 0. 1. 1. 1. 1. 0. 0.][0. 1. 0. 0.]
[0. 1. 0. 1. 0. 1. 0. 1. 0. 0. 0. 0. 0. 0. 0. 0. 0. 0. 1. 0. 0.][0. 1. 1. 0. 0. 0. 1. 1. 0. 0. 1. 1. 0. 0. 0. 0. 0. 0. 0. 0. 0.][0.         0.         0.30059615 0.69940385]
