6,3,200
[0. 0. 1. 1. 1. 0. 0. 0. 1. 0. 1. 0. 0. 1. 0. 0. 0. 0. 1. 0. 0.][0. 0. 1. 0. 0. 0. 0. 1. 0. 0. 0. 0. 0. 1. 0. 0. 0. 0. 0. 0. 1.][0. 0. 1. 0.]
[0. 0. 0. 0. 0. 0. 0. 0. 0. 0. 0. 0. 0. 1. 0. 0. 0. 1. 1. 0. 1.][0. 0. 1. 0. 0. 0. 1. 1. 1. 0. 1. 0. 1. 0. 0. 0. 0. 0. 1. 0. 0.][0. 0. 1. 0.]
[0. 0. 0. 0. 0. 0. 0. 0. 0. 0. 0. 0. 0. 1. 0. 0. 0. 0. 1. 1. 0.][0. 0. 1. 1. 1. 1. 0. 0. 1. 0. 1. 0. 0. 1. 0. 0. 0. 0. 0. 0. 1.][0.55054962 0.         0.44945038 0.        ]
[0. 0. 0. 0. 0. 0. 0. 0. 0. 0. 0. 0. 0. 1. 1. 0. 0. 0. 0. 0. 0.][1. 0. 0. 1. 1. 1. 0. 0. 0. 0. 0. 0. 1. 0. 0. 1. 1. 0. 1. 0. 1.][0.         0.         0.42713011 0.57286989]
[0. 0. 0. 0. 0. 0. 1. 0. 0. 0. 1. 0. 0. 1. 1. 0. 0. 0. 1. 0. 1.][1. 0. 0. 0. 0. 0. 0. 1. 0. 1. 0. 0. 0. 1. 0. 0. 0. 0. 0. 1. 0.][0.         0.34047615 0.26455425 0.3949696 ]
[0. 0. 0. 0. 0. 0. 0. 0. 0. 0. 0. 0. 0. 1. 1. 0. 0. 0. 1. 1. 1.][0. 0. 0. 0. 1. 0. 0. 1. 0. 1. 1. 0. 0. 0. 0. 0. 1. 0. 0. 0. 1.][0.54445846 0.         0.         0.45554154]
[1. 0. 0. 0. 0. 0. 0. 0. 0. 0. 0. 0. 0. 0. 0. 1. 0. 1. 0. 0. 0.][0. 0. 0. 0. 1. 1. 1. 0. 1. 1. 1. 0. 0. 0. 0. 0. 0. 0. 0. 1. 1.][0.53828625 0.         0.         0.46171375]
[1. 0. 0. 0. 0. 0. 0. 0. 0. 0. 0. 0. 0. 1. 0. 0. 0. 0. 0. 0. 1.][0. 0. 1. 0. 0. 0. 1. 1. 1. 0. 1. 0. 1. 0. 0. 0. 0. 0. 1. 0. 1.][0.45909635 0.54090365 0.         0.        ]
[1. 0. 0. 0. 0. 0. 0. 0. 0. 0. 0. 0. 0. 1. 0. 0. 0. 0. 0. 0. 1.][0. 0. 1. 0. 0. 0. 1. 1. 1. 0. 1. 0. 1. 0. 0. 0. 0. 0. 1. 0. 1.][0.45909635 0.54090365 0.         0.        ]
