6,3,500
[0. 0. 0. 1. 1. 1. 0. 1. 0. 1. 0. 0. 0. 1. 0. 0. 0. 0. 1. 0. 0.][0. 0. 0. 0. 0. 0. 0. 0. 1. 1. 0. 0. 0. 0. 0. 0. 0. 1. 1. 0. 0.][0. 1. 0. 0.]
[0. 0. 0. 0. 0. 0. 0. 0. 0. 0. 0. 0. 0. 1. 0. 0. 0. 0. 1. 0. 0.][1. 1. 0. 1. 0. 0. 0. 1. 1. 1. 0. 1. 0. 0. 0. 0. 1. 1. 0. 0. 0.][0.28753568 0.71246432 0.         0.        ]
[0. 0. 0. 0. 0. 0. 1. 0. 0. 1. 0. 0. 0. 1. 0. 0. 0. 0. 1. 1. 0.][1. 0. 1. 0. 0. 0. 0. 0. 0. 1. 0. 0. 1. 1. 0. 0. 0. 1. 0. 0. 0.][0.         0.49370123 0.50629877 0.        ]
[0. 0. 0. 0. 0. 0. 0. 0. 0. 0. 0. 0. 0. 1. 1. 0. 0. 0. 0. 0. 1.][0. 0. 1. 0. 1. 1. 1. 0. 0. 0. 0. 0. 1. 0. 0. 1. 1. 0. 1. 0. 0.][0.         0.49544866 0.50455134 0.        ]
[0. 0. 0. 1. 0. 0. 1. 1. 0. 1. 0. 0. 0. 1. 1. 0. 0. 0. 1. 1. 0.][0. 0. 0. 0. 0. 0. 0. 1. 0. 0. 0. 0. 0. 0. 0. 0. 0. 1. 1. 0. 0.][0.5538352 0.4461648 0.        0.       ]
[0. 0. 0. 0. 0. 0. 0. 0. 0. 0. 0. 0. 0. 1. 1. 1. 0. 0. 1. 0. 0.][0. 0. 0. 1. 0. 0. 0. 1. 1. 0. 0. 1. 0. 0. 1. 1. 0. 0. 1. 0. 0.][0. 1. 0. 0.]
[0. 0. 0. 0. 0. 0. 0. 0. 0. 0. 0. 0. 0. 0. 0. 1. 0. 1. 0. 0. 1.][0. 0. 1. 0. 1. 1. 1. 1. 1. 1. 1. 0. 0. 0. 0. 0. 0. 0. 0. 0. 0.][1. 0. 0. 0.]
[0. 0. 0. 0. 0. 0. 0. 0. 0. 0. 0. 0. 0. 0. 0. 1. 0. 1. 0. 0. 0.][0. 0. 0. 0. 1. 1. 1. 0. 1. 1. 0. 0. 0. 1. 1. 0. 1. 0. 0. 0. 1.][0. 0. 1. 0.]
[0. 0. 1. 0. 0. 1. 1. 1. 0. 0. 1. 0. 1. 0. 1. 0. 1. 0. 0. 0. 0.][0. 0. 0. 0. 0. 0. 0. 0. 0. 0. 0. 0. 0. 0. 1. 1. 1. 0. 0. 0. 0.][0. 0. 0. 1.]
[0. 0. 1. 0. 0. 1. 1. 1. 0. 0. 1. 0. 1. 0. 1. 0. 1. 0. 0. 0. 0.][0. 0. 0. 0. 0. 0. 0. 0. 0. 0. 0. 0. 0. 0. 1. 1. 1. 0. 0. 0. 0.][0. 0. 0. 1.]
[0. 0. 1. 0. 0. 1. 1. 1. 0. 0. 1. 0. 1. 0. 1. 0. 1. 0. 0. 0. 0.][0. 0. 0. 0. 0. 0. 0. 0. 0. 0. 0. 0. 0. 0. 1. 1. 1. 0. 0. 0. 0.][0. 0. 0. 1.]
