6,3,1000
[0. 0. 0. 1. 1. 1. 1. 0. 0. 1. 0. 0. 1. 0. 0. 0. 0. 1. 0. 0. 1.][0. 0. 1. 0. 0. 0. 0. 1. 0. 0. 0. 0. 0. 0. 1. 0. 0. 0. 0. 0. 0.][0. 1. 0. 0.]
[0. 0. 0. 0. 0. 0. 0. 0. 0. 0. 1. 0. 1. 0. 0. 0. 0. 1. 0. 0. 0.][1. 1. 0. 0. 0. 0. 0. 1. 1. 1. 1. 0. 0. 0. 1. 0. 0. 1. 0. 0. 0.][0. 1. 0. 0.]
[0. 0. 0. 0. 0. 0. 0. 1. 0. 0. 0. 0. 1. 0. 0. 0. 0. 1. 0. 1. 0.][0. 1. 0. 1. 0. 1. 0. 0. 1. 1. 0. 1. 0. 0. 1. 0. 0. 0. 0. 0. 0.][0. 1. 0. 0.]
[0. 0. 0. 0. 0. 0. 0. 0. 0. 0. 0. 0. 0. 1. 1. 0. 0. 0. 0. 0. 1.][0. 0. 0. 1. 0. 1. 0. 0. 0. 0. 1. 1. 0. 1. 1. 1. 1. 0. 0. 0. 0.][0.4608587 0.        0.5391413 0.       ]
[0. 0. 0. 0. 0. 0. 0. 1. 0. 1. 0. 0. 0. 1. 0. 0. 0. 1. 0. 1. 1.][1. 0. 1. 0. 0. 0. 0. 1. 0. 1. 0. 0. 0. 0. 1. 0. 0. 0. 0. 0. 0.][0.         0.71391885 0.28608115 0.        ]
[0. 0. 0. 0. 0. 0. 0. 0. 0. 0. 0. 0. 1. 1. 0. 0. 0. 1. 0. 0. 0.][1. 1. 0. 0. 0. 1. 0. 1. 0. 1. 1. 0. 0. 1. 1. 0. 0. 0. 0. 0. 0.][0. 1. 0. 0.]
[1. 0. 0. 0. 0. 0. 0. 0. 0. 0. 0. 0. 0. 0. 1. 0. 1. 0. 0. 0. 1.][0. 0. 0. 1. 1. 0. 1. 1. 1. 0. 0. 1. 0. 0. 0. 0. 0. 1. 0. 0. 0.][0.71340058 0.         0.28659942 0.        ]
[1. 0. 0. 0. 0. 0. 0. 0. 0. 0. 0. 0. 0. 0. 1. 0. 1. 0. 0. 0. 1.][0. 0. 0. 1. 1. 0. 1. 1. 1. 0. 0. 1. 0. 0. 0. 0. 0. 1. 0. 0. 0.][0.71340058 0.         0.28659942 0.        ]
[0. 1. 0. 0. 0. 0. 0. 0. 1. 0. 1. 1. 1. 0. 1. 1. 1. 1. 0. 0. 0.][0. 0. 0. 0. 0. 0. 0. 0. 0. 0. 0. 0. 0. 0. 0. 0. 0. 0. 1. 1. 0.][0.         0.37453891 0.         0.62546109]
[0. 1. 0. 0. 0. 0. 0. 0. 1. 0. 1. 1. 1. 0. 1. 1. 1. 1. 0. 0. 0.][0. 0. 0. 0. 0. 0. 0. 0. 0. 0. 0. 0. 0. 0. 0. 0. 0. 0. 1. 1. 0.][0.         0.37453891 0.         0.62546109]
[0. 1. 0. 0. 0. 0. 0. 0. 1. 0. 1. 1. 1. 0. 1. 1. 1. 1. 0. 0. 0.][0. 0. 0. 0. 0. 0. 0. 0. 0. 0. 0. 0. 0. 0. 0. 0. 0. 0. 1. 1. 0.][0.         0.37453891 0.         0.62546109]
