6,3,2000
[0. 0. 0. 1. 1. 0. 0. 0. 1. 0. 0. 0. 1. 0. 1. 0. 0. 0. 0. 1. 0.][0. 0. 1. 0. 0. 0. 0. 0. 1. 0. 0. 0. 0. 0. 0. 0. 0. 1. 1. 0. 1.][0.         0.49301966 0.         0.50698034]
[0. 0. 0. 0. 0. 0. 0. 0. 1. 0. 0. 1. 0. 0. 1. 0. 0. 0. 0. 1. 0.][0. 0. 1. 0. 1. 0. 0. 0. 1. 1. 1. 0. 0. 0. 0. 0. 1. 1. 0. 0. 0.][0. 1. 0. 0.]
[0. 0. 0. 0. 0. 0. 0. 1. 1. 0. 0. 1. 0. 0. 1. 0. 0. 0. 0. 1. 0.][1. 0. 1. 1. 0. 0. 0. 0. 0. 0. 0. 0. 1. 0. 0. 0. 0. 1. 0. 0. 1.][0. 0. 0. 1.]
[0. 0. 0. 0. 0. 0. 0. 0. 0. 0. 0. 0. 0. 0. 0. 1. 1. 0. 0. 0. 0.][1. 0. 0. 1. 1. 1. 1. 0. 0. 0. 0. 0. 1. 1. 0. 0. 1. 1. 0. 0. 0.][0.         0.33511566 0.36545502 0.29942932]
[0. 0. 0. 0. 0. 0. 0. 0. 0. 0. 0. 0. 0. 0. 0. 1. 1. 0. 0. 1. 1.][0. 1. 1. 0. 1. 0. 0. 0. 1. 0. 1. 0. 0. 0. 0. 0. 0. 1. 0. 0. 1.][0.         0.42135614 0.         0.57864386]
[0. 0. 0. 0. 0. 0. 0. 1. 1. 0. 0. 1. 0. 0. 0. 1. 0. 0. 0. 1. 1.][1. 0. 0. 0. 0. 0. 0. 0. 1. 0. 1. 0. 0. 0. 0. 0. 0. 1. 1. 0. 0.][0. 1. 0. 0.]
[1. 0. 0. 0. 0. 0. 0. 0. 0. 0. 0. 0. 0. 0. 0. 0. 1. 0. 1. 1. 0.][0. 0. 0. 1. 0. 1. 1. 1. 0. 1. 0. 0. 0. 1. 0. 1. 0. 0. 0. 0. 0.][1. 0. 0. 0.]
[1. 0. 0. 0. 0. 0. 0. 0. 0. 0. 0. 0. 0. 0. 0. 0. 1. 0. 1. 1. 0.][0. 0. 0. 1. 0. 1. 1. 1. 0. 1. 0. 0. 0. 1. 0. 1. 0. 0. 0. 0. 0.][1. 0. 0. 0.]
[1. 0. 0. 0. 0. 0. 0. 0. 0. 0. 0. 0. 0. 0. 0. 0. 1. 0. 1. 1. 0.][0. 0. 0. 1. 0. 1. 1. 1. 0. 1. 0. 0. 0. 1. 0. 1. 0. 0. 0. 0. 0.][1. 0. 0. 0.]
[0. 0. 0. 0. 0. 0. 0. 0. 0. 0. 0. 0. 0. 0. 0. 0. 0. 0. 1. 1. 0.][0. 1. 1. 0. 1. 0. 0. 1. 1. 1. 1. 1. 0. 1. 0. 0. 0. 0. 0. 0. 0.][0.         0.59388971 0.40611029 0.        ]
[0. 0. 0. 0. 0. 0. 0. 0. 0. 0. 0. 0. 0. 0. 0. 0. 0. 0. 1. 1. 0.][0. 1. 1. 0. 1. 0. 0. 1. 1. 1. 1. 1. 0. 1. 0. 0. 0. 0. 0. 0. 0.][0.         0.59388971 0.40611029 0.        ]
