6,3,1000
[0. 0. 0. 1. 1. 0. 1. 0. 0. 0. 0. 1. 0. 0. 0. 0. 1. 1. 0. 0. 0.][0. 0. 0. 0. 0. 0. 1. 0. 1. 0. 0. 0. 0. 1. 1. 0. 0. 0. 0. 0. 1.][1. 0. 0. 0.]
[0. 0. 0. 0. 0. 0. 0. 0. 0. 0. 0. 1. 0. 0. 0. 0. 1. 0. 0. 1. 0.][0. 0. 0. 0. 0. 0. 1. 1. 1. 1. 1. 0. 1. 0. 0. 0. 0. 1. 0. 0. 1.][0.51136228 0.48863772 0.         0.        ]
[0. 0. 0. 0. 0. 0. 0. 1. 0. 0. 0. 1. 0. 0. 0. 0. 1. 0. 0. 0. 0.][0. 1. 1. 0. 0. 0. 1. 0. 0. 0. 1. 0. 1. 1. 1. 0. 0. 0. 0. 0. 1.][0.         0.40915921 0.59084079 0.        ]
[0. 0. 0. 0. 0. 0. 0. 0. 0. 0. 0. 0. 1. 1. 0. 1. 0. 0. 0. 0. 1.][0. 1. 1. 0. 0. 0. 1. 0. 0. 0. 0. 0. 1. 0. 1. 0. 1. 1. 0. 0. 0.][0. 0. 1. 0.]
[0. 0. 0. 0. 0. 0. 0. 1. 0. 0. 0. 0. 1. 0. 0. 0. 1. 1. 1. 1. 1.][1. 0. 0. 0. 0. 0. 0. 0. 0. 1. 1. 0. 0. 0. 1. 0. 0. 0. 0. 0. 0.][0. 1. 0. 0.]
[0. 0. 0. 0. 0. 0. 0. 0. 0. 0. 0. 0. 1. 1. 0. 0. 1. 0. 0. 0. 0.][1. 0. 0. 0. 0. 1. 0. 1. 0. 1. 1. 1. 0. 0. 1. 0. 0. 0. 0. 0. 1.][0.         0.64433842 0.35566158 0.        ]
[0. 0. 1. 0. 1. 0. 1. 0. 0. 0. 1. 1. 1. 1. 1. 0. 0. 0. 1. 0. 0.][0. 0. 0. 0. 0. 0. 0. 0. 0. 0. 0. 0. 0. 0. 0. 1. 0. 1. 0. 0. 0.][1. 0. 0. 0.]
[0. 0. 0. 0. 0. 0. 0. 0. 0. 0. 0. 0. 0. 1. 0. 1. 1. 0. 0. 0. 0.][0. 0. 0. 0. 0. 1. 1. 1. 1. 1. 1. 1. 0. 0. 0. 1. 0. 0. 0. 0. 0.][0.        0.5893632 0.        0.4106368]
[0. 0. 0. 0. 0. 0. 0. 0. 0. 0. 0. 0. 0. 1. 0. 1. 1. 0. 0. 0. 0.][0. 0. 0. 0. 0. 1. 1. 1. 1. 1. 1. 1. 0. 0. 0. 1. 0. 0. 0. 0. 0.][0.        0.5893632 0.        0.4106368]
[0. 0. 0. 0. 0. 0. 0. 0. 0. 0. 0. 0. 0. 1. 0. 1. 1. 0. 0. 0. 0.][0. 0. 0. 0. 0. 1. 1. 1. 1. 1. 1. 1. 0. 0. 0. 1. 0. 0. 0. 0. 0.][0.        0.5893632 0.        0.4106368]
