6,3,5000
[0. 0. 0. 0. 1. 0. 0. 0. 0. 0. 0. 1. 0. 0. 0. 0. 1. 1. 1. 0. 1.][0. 0. 0. 1. 0. 0. 0. 0. 1. 0. 1. 0. 1. 1. 0. 0. 0. 0. 0. 0. 0.][0.         0.67888951 0.32111049 0.        ]
[0. 0. 0. 0. 0. 0. 0. 0. 0. 0. 0. 1. 0. 0. 0. 0. 1. 0. 1. 1. 0.][0. 0. 1. 1. 0. 0. 0. 1. 1. 0. 1. 1. 0. 0. 0. 0. 0. 0. 1. 0. 0.][0.         0.71413819 0.28586181 0.        ]
[0. 0. 0. 0. 0. 0. 0. 1. 0. 0. 0. 1. 0. 0. 0. 0. 1. 1. 0. 1. 0.][1. 0. 0. 0. 0. 0. 0. 0. 0. 0. 1. 0. 1. 1. 1. 0. 0. 0. 1. 0. 0.][0.         0.55076484 0.44923516 0.        ]
[0. 0. 0. 0. 0. 0. 0. 0. 0. 0. 0. 0. 1. 1. 0. 1. 0. 0. 0. 0. 1.][0. 0. 0. 1. 1. 1. 0. 1. 0. 0. 0. 0. 0. 1. 1. 0. 0. 0. 1. 0. 0.][0.        0.4258581 0.5741419 0.       ]
[0. 0. 0. 0. 0. 0. 0. 1. 0. 0. 0. 0. 1. 0. 0. 0. 1. 0. 1. 1. 1.][0. 1. 0. 0. 0. 0. 0. 0. 1. 1. 0. 1. 0. 1. 0. 0. 0. 0. 0. 0. 0.][0.         0.62633604 0.37366396 0.        ]
[0. 0. 0. 0. 0. 0. 0. 0. 0. 0. 0. 0. 1. 1. 0. 0. 1. 0. 0. 0. 0.][0. 1. 1. 0. 0. 0. 0. 1. 1. 1. 1. 1. 0. 1. 0. 0. 0. 0. 0. 0. 0.][0.         0.54004009 0.45995991 0.        ]
[0. 0. 0. 0. 0. 0. 0. 0. 0. 0. 0. 0. 0. 0. 0. 1. 1. 1. 0. 0. 0.][0. 0. 1. 1. 0. 0. 1. 1. 1. 1. 0. 1. 1. 0. 0. 0. 0. 0. 0. 0. 0.][1. 0. 0. 0.]
[0. 0. 0. 0. 0. 0. 0. 0. 0. 0. 0. 0. 0. 0. 0. 1. 1. 1. 0. 0. 0.][0. 0. 1. 1. 0. 0. 1. 1. 1. 1. 0. 1. 1. 0. 0. 0. 0. 0. 0. 0. 0.][1. 0. 0. 0.]
[0. 0. 0. 0. 0. 0. 0. 0. 0. 0. 0. 0. 0. 0. 0. 1. 1. 1. 0. 0. 0.][0. 0. 1. 1. 0. 0. 1. 1. 1. 1. 0. 1. 1. 0. 0. 0. 0. 0. 0. 0. 0.][1. 0. 0. 0.]
[1. 0. 0. 1. 0. 1. 1. 0. 0. 0. 0. 0. 0. 0. 1. 0. 1. 0. 0. 0. 0.][0. 0. 0. 0. 0. 0. 0. 0. 0. 0. 0. 0. 1. 0. 0. 1. 1. 1. 0. 1. 0.][0.         0.57735186 0.         0.42264814]
[1. 0. 0. 1. 0. 1. 1. 0. 0. 0. 0. 0. 0. 0. 1. 0. 1. 0. 0. 0. 0.][0. 0. 0. 0. 0. 0. 0. 0. 0. 0. 0. 0. 1. 0. 0. 1. 1. 1. 0. 1. 0.][0.         0.57735186 0.         0.42264814]
[1. 0. 0. 1. 0. 1. 1. 0. 0. 0. 0. 0. 0. 0. 1. 0. 1. 0. 0. 0. 0.][0. 0. 0. 0. 0. 0. 0. 0. 0. 0. 0. 0. 1. 0. 0. 1. 1. 1. 0. 1. 0.][0.         0.57735186 0.         0.42264814]
