6,3,2000
[0. 0. 0. 1. 1. 1. 1. 0. 0. 0. 1. 1. 0. 1. 0. 0. 0. 0. 1. 0. 0.][0. 0. 0. 0. 0. 0. 0. 0. 1. 0. 1. 0. 0. 0. 0. 0. 0. 1. 0. 0. 0.][1. 0. 0. 0.]
[0. 0. 0. 0. 0. 0. 0. 0. 0. 0. 0. 0. 0. 1. 1. 0. 0. 0. 1. 0. 0.][0. 0. 1. 0. 1. 1. 0. 0. 1. 1. 1. 0. 0. 0. 0. 0. 1. 1. 0. 0. 0.][1. 0. 0. 0.]
[0. 0. 0. 0. 0. 0. 0. 0. 1. 0. 0. 0. 0. 1. 0. 0. 0. 0. 1. 1. 0.][0. 0. 1. 1. 0. 1. 0. 0. 0. 1. 0. 0. 1. 1. 0. 0. 0. 1. 0. 0. 0.][1. 0. 0. 0.]
[0. 0. 0. 0. 0. 0. 0. 0. 0. 0. 0. 0. 0. 0. 1. 0. 0. 0. 0. 0. 1.][0. 0. 0. 1. 1. 1. 1. 1. 0. 0. 0. 0. 1. 0. 0. 1. 1. 1. 0. 0. 0.][1. 0. 0. 0.]
[0. 0. 0. 0. 0. 0. 0. 0. 1. 0. 1. 0. 0. 0. 1. 0. 0. 0. 1. 1. 1.][1. 0. 0. 0. 0. 0. 0. 0. 1. 0. 1. 0. 0. 0. 0. 0. 0. 1. 1. 0. 0.][1. 0. 0. 0.]
[0. 0. 0. 0. 0. 0. 0. 0. 0. 0. 0. 0. 0. 0. 1. 1. 0. 1. 1. 0. 0.][1. 0. 1. 0. 1. 0. 1. 0. 1. 0. 1. 0. 0. 0. 0. 0. 0. 1. 0. 0. 0.][1. 0. 0. 0.]
[0. 0. 0. 0. 0. 0. 0. 0. 0. 0. 0. 0. 0. 0. 0. 1. 0. 1. 0. 0. 0.][0. 0. 0. 0. 0. 1. 1. 1. 0. 1. 0. 0. 1. 0. 1. 1. 1. 0. 0. 1. 0.][0.         0.55097499 0.         0.44902501]
[0. 0. 0. 0. 0. 0. 0. 0. 0. 0. 0. 0. 0. 0. 0. 1. 0. 1. 0. 0. 0.][0. 0. 0. 0. 0. 1. 1. 1. 0. 1. 0. 0. 1. 0. 1. 1. 1. 0. 0. 1. 0.][0.         0.55097499 0.         0.44902501]
[0. 0. 0. 0. 0. 0. 0. 0. 0. 0. 0. 0. 0. 0. 0. 1. 0. 1. 0. 0. 0.][0. 0. 0. 0. 0. 1. 1. 1. 0. 1. 0. 0. 1. 0. 1. 1. 1. 0. 0. 1. 0.][0.         0.55097499 0.         0.44902501]
[1. 0. 0. 0. 0. 0. 0. 0. 0. 0. 0. 0. 0. 0. 0. 1. 1. 1. 0. 0. 0.][0. 0. 0. 1. 0. 0. 1. 1. 1. 0. 1. 0. 0. 0. 1. 0. 0. 0. 0. 1. 0.][0.         0.         0.66675521 0.33324479]
[1. 0. 0. 0. 0. 0. 0. 0. 0. 0. 0. 0. 0. 0. 0. 1. 1. 1. 0. 0. 0.][0. 0. 0. 1. 0. 0. 1. 1. 1. 0. 1. 0. 0. 0. 1. 0. 0. 0. 0. 1. 0.][0.         0.         0.66675521 0.33324479]
[1. 0. 0. 0. 0. 0. 0. 0. 0. 0. 0. 0. 0. 0. 0. 1. 1. 1. 0. 0. 0.][0. 0. 0. 1. 0. 0. 1. 1. 1. 0. 1. 0. 0. 0. 1. 0. 0. 0. 0. 1. 0.][0.         0.         0.66675521 0.33324479]
