6,3,50
[0. 0. 0. 1. 1. 0. 0. 0. 0. 0. 0. 1. 0. 0. 0. 0. 1. 1. 1. 0. 0.][0. 0. 0. 0. 0. 0. 0. 0. 0. 0. 0. 1. 0. 1. 1. 0. 1. 1. 0. 0. 0.][0.56205269 0.         0.         0.43794731]
[0. 0. 0. 0. 0. 0. 0. 0. 0. 0. 0. 1. 0. 0. 0. 0. 1. 0. 0. 0. 1.][0. 1. 1. 0. 0. 0. 1. 1. 0. 0. 1. 1. 1. 0. 0. 0. 0. 0. 1. 0. 0.][0.4107509 0.        0.5892491 0.       ]
[0. 0. 0. 0. 0. 0. 0. 0. 1. 0. 0. 1. 0. 0. 0. 0. 1. 0. 0. 1. 0.][0. 0. 0. 1. 0. 0. 0. 0. 1. 0. 1. 0. 0. 0. 1. 0. 1. 0. 1. 1. 0.][1. 0. 0. 0.]
[0. 0. 0. 0. 0. 0. 0. 0. 0. 0. 0. 0. 1. 0. 0. 0. 0. 0. 0. 0. 0.][1. 0. 0. 0. 1. 0. 0. 1. 1. 0. 0. 1. 0. 0. 1. 1. 1. 0. 1. 0. 1.][0. 0. 1. 0.]
[0. 0. 0. 0. 0. 0. 0. 0. 1. 0. 0. 0. 1. 0. 0. 0. 1. 0. 1. 0. 0.][0. 1. 1. 0. 0. 0. 1. 1. 0. 0. 0. 0. 1. 0. 1. 1. 0. 0. 0. 0. 0.][0. 0. 0. 1.]
[0. 0. 0. 0. 0. 0. 0. 0. 0. 0. 0. 0. 1. 0. 0. 0. 1. 0. 0. 1. 1.][0. 1. 0. 0. 0. 0. 0. 0. 0. 0. 1. 1. 1. 1. 1. 1. 0. 0. 0. 0. 0.][0.58193195 0.         0.         0.41806805]
[0. 0. 0. 0. 0. 0. 0. 0. 0. 0. 0. 0. 0. 1. 0. 1. 0. 0. 0. 0. 0.][0. 0. 0. 0. 1. 0. 0. 1. 0. 1. 0. 1. 1. 0. 1. 0. 1. 0. 0. 1. 1.][0. 1. 0. 0.]
[0. 0. 0. 0. 0. 0. 0. 0. 0. 0. 0. 0. 0. 1. 0. 1. 0. 0. 0. 0. 0.][0. 0. 0. 0. 1. 0. 0. 1. 0. 1. 0. 1. 1. 0. 1. 0. 1. 0. 0. 1. 1.][0. 1. 0. 0.]
[0. 0. 0. 0. 0. 0. 0. 0. 0. 0. 0. 0. 0. 1. 0. 1. 0. 0. 0. 0. 0.][0. 0. 0. 0. 1. 0. 0. 1. 0. 1. 0. 1. 1. 0. 1. 0. 1. 0. 0. 1. 1.][0. 1. 0. 0.]
[1. 1. 1. 0. 0. 0. 0. 0. 0. 0. 1. 1. 1. 0. 1. 1. 0. 0. 0. 1. 0.][0. 0. 0. 0. 0. 0. 0. 0. 0. 0. 0. 0. 0. 0. 0. 0. 0. 0. 0. 1. 1.][0.         0.48208715 0.51791285 0.        ]
