6,3,200
[0. 0. 0. 0. 0. 1. 1. 0. 0. 1. 0. 0. 0. 0. 1. 0. 0. 0. 0. 1. 0.][0. 1. 0. 0. 0. 0. 0. 1. 1. 1. 0. 0. 0. 0. 0. 0. 1. 0. 1. 0. 0.][0.5932571 0.4067429 0.        0.       ]
[0. 0. 0. 0. 0. 0. 0. 0. 0. 0. 0. 0. 0. 0. 1. 0. 0. 0. 0. 1. 0.][1. 1. 0. 1. 0. 0. 0. 1. 0. 1. 0. 1. 1. 0. 0. 1. 1. 0. 0. 0. 0.][0.         0.53115142 0.         0.46884858]
[0. 0. 0. 0. 0. 0. 0. 0. 0. 0. 0. 0. 0. 0. 0. 1. 0. 0. 0. 0. 1.][0. 1. 1. 0. 1. 1. 1. 0. 0. 0. 0. 0. 0. 1. 1. 0. 1. 0. 0. 1. 0.][0.5909786 0.        0.        0.4090214]
[0. 0. 0. 0. 0. 0. 1. 1. 0. 1. 1. 0. 0. 0. 1. 0. 0. 0. 0. 1. 0.][1. 0. 1. 0. 0. 1. 0. 0. 0. 0. 0. 0. 0. 0. 0. 0. 1. 0. 1. 0. 0.][0.50761536 0.49238464 0.         0.        ]
[0. 0. 0. 0. 0. 0. 1. 0. 0. 1. 0. 1. 0. 0. 0. 1. 0. 0. 0. 1. 1.][0. 0. 0. 1. 0. 0. 0. 1. 0. 0. 0. 1. 0. 0. 0. 0. 1. 0. 1. 0. 0.][0.         0.59645433 0.         0.40354567]
[0. 0. 0. 0. 0. 0. 0. 0. 0. 0. 0. 0. 0. 0. 0. 1. 0. 0. 0. 1. 0.][0. 0. 0. 1. 0. 0. 1. 1. 0. 1. 1. 1. 1. 0. 1. 1. 0. 0. 0. 0. 0.][0.46297099 0.53702901 0.         0.        ]
[0. 0. 0. 0. 0. 0. 0. 0. 0. 0. 0. 0. 0. 0. 0. 0. 1. 1. 1. 0. 0.][0. 0. 0. 0. 0. 1. 1. 1. 1. 1. 0. 1. 0. 0. 0. 1. 0. 0. 0. 1. 0.][0.         0.41839439 0.58160561 0.        ]
[0. 0. 0. 0. 0. 0. 0. 0. 0. 0. 0. 0. 0. 0. 0. 0. 1. 1. 1. 0. 0.][0. 0. 0. 0. 0. 1. 1. 1. 1. 1. 0. 1. 0. 0. 0. 1. 0. 0. 0. 1. 0.][0.         0.41839439 0.58160561 0.        ]
[0. 0. 0. 0. 0. 0. 0. 0. 0. 0. 0. 0. 0. 0. 0. 0. 1. 1. 1. 0. 0.][0. 0. 0. 0. 0. 1. 1. 1. 1. 1. 0. 1. 0. 0. 0. 1. 0. 0. 0. 1. 0.][0.         0.41839439 0.58160561 0.        ]
