6,3,5000
[0. 0. 0. 0. 1. 0. 1. 1. 0. 0. 0. 1. 0. 0. 0. 0. 1. 0. 1. 0. 0.][1. 0. 0. 0. 0. 0. 0. 0. 1. 0. 1. 0. 0. 0. 1. 0. 0. 0. 0. 0. 1.][0.56153831 0.         0.         0.43846169]
[0. 0. 0. 0. 0. 0. 0. 0. 0. 0. 0. 1. 0. 0. 0. 0. 1. 0. 0. 0. 0.][0. 1. 1. 0. 0. 0. 0. 1. 1. 0. 1. 1. 0. 1. 1. 0. 0. 0. 0. 0. 1.][0.         0.51594464 0.         0.48405536]
[0. 0. 0. 0. 0. 0. 1. 1. 0. 0. 0. 1. 0. 0. 0. 0. 1. 0. 0. 1. 0.][0. 0. 0. 1. 0. 0. 0. 0. 0. 1. 0. 0. 0. 1. 1. 0. 0. 0. 1. 0. 1.][0.7069649 0.        0.        0.2930351]
[0. 0. 0. 0. 0. 0. 0. 0. 0. 0. 0. 0. 1. 1. 0. 1. 0. 0. 0. 0. 1.][0. 0. 0. 0. 1. 1. 1. 0. 0. 0. 0. 0. 1. 0. 1. 0. 0. 1. 1. 0. 0.][1. 0. 0. 0.]
[0. 0. 0. 0. 0. 0. 1. 0. 0. 0. 0. 0. 1. 0. 0. 0. 1. 1. 1. 1. 0.][1. 0. 0. 0. 0. 0. 0. 1. 1. 0. 1. 0. 0. 0. 1. 0. 0. 0. 0. 0. 0.][0.         0.34837759 0.         0.65162241]
[0. 0. 0. 0. 0. 0. 0. 0. 0. 0. 0. 0. 1. 1. 0. 0. 1. 0. 0. 0. 0.][1. 1. 1. 0. 0. 0. 0. 1. 1. 0. 1. 0. 0. 0. 1. 0. 0. 0. 0. 0. 1.][1. 0. 0. 0.]
[0. 1. 0. 0. 0. 0. 0. 0. 1. 1. 1. 1. 0. 1. 1. 1. 1. 0. 0. 0. 0.][0. 0. 0. 0. 0. 0. 0. 0. 0. 0. 0. 0. 0. 1. 0. 1. 0. 0. 0. 0. 0.][0.36445316 0.26368541 0.         0.37186142]
[1. 0. 0. 0. 0. 0. 0. 0. 0. 0. 0. 0. 0. 1. 0. 1. 1. 0. 0. 0. 0.][0. 1. 0. 0. 0. 0. 1. 1. 0. 1. 0. 0. 0. 1. 0. 0. 0. 1. 0. 1. 0.][0. 0. 1. 0.]
[1. 0. 0. 0. 0. 0. 0. 0. 0. 0. 0. 0. 0. 1. 0. 1. 1. 0. 0. 0. 0.][0. 1. 0. 0. 0. 0. 1. 1. 0. 1. 0. 0. 0. 1. 0. 0. 0. 1. 0. 1. 0.][0. 0. 1. 0.]
[1. 0. 0. 0. 0. 0. 0. 0. 0. 0. 0. 0. 0. 1. 0. 1. 1. 0. 0. 0. 0.][0. 1. 0. 0. 0. 0. 1. 1. 0. 1. 0. 0. 0. 1. 0. 0. 0. 1. 0. 1. 0.][0. 0. 1. 0.]
