10,0,1000
[0. 0. 0. 0. 1. 1. 1. 0. 1. 0. 0. 0. 0. 1. 0. 0. 0. 0. 1. 0. 1.][0. 0. 0. 0. 0. 0. 0. 0. 1. 0. 0. 0. 1. 0. 0. 0. 0. 1. 0. 0. 1.][0.27654342 0.72345658 0.         0.        ]
[0. 0. 0. 0. 0. 0. 0. 0. 1. 0. 0. 0. 0. 1. 0. 0. 0. 0. 1. 1. 1.][1. 0. 0. 0. 0. 0. 0. 0. 1. 0. 0. 1. 1. 0. 0. 0. 0. 1. 0. 0. 1.][0. 0. 0. 1.]
[0. 0. 0. 0. 0. 0. 0. 1. 0. 0. 1. 0. 0. 1. 0. 0. 0. 0. 1. 0. 1.][0. 0. 0. 1. 0. 0. 0. 0. 0. 0. 1. 0. 1. 1. 0. 0. 0. 1. 0. 0. 1.][0.         0.48977488 0.51022512 0.        ]
[0. 0. 0. 0. 0. 0. 0. 0. 0. 0. 0. 0. 0. 0. 1. 0. 0. 1. 0. 0. 0.][1. 1. 0. 0. 0. 1. 1. 0. 0. 0. 1. 0. 0. 1. 1. 0. 1. 1. 0. 0. 0.][0.28487967 0.         0.33567998 0.37944034]
[0. 0. 0. 0. 0. 0. 0. 1. 1. 0. 0. 0. 0. 0. 1. 0. 0. 0. 1. 1. 1.][0. 1. 0. 0. 0. 0. 0. 0. 1. 1. 0. 0. 0. 0. 0. 0. 1. 1. 0. 0. 0.][0.         0.56017881 0.43982119 0.        ]
[0. 0. 0. 0. 0. 0. 0. 0. 0. 0. 0. 0. 0. 0. 1. 0. 0. 0. 1. 0. 0.][1. 0. 1. 0. 1. 0. 0. 0. 1. 1. 0. 0. 1. 0. 0. 0. 1. 1. 0. 0. 1.][0.34702632 0.         0.65297368 0.        ]
[0. 0. 0. 0. 0. 0. 1. 1. 1. 0. 0. 0. 0. 0. 1. 0. 0. 1. 1. 0. 0.][0. 0. 0. 0. 0. 0. 1. 0. 0. 0. 0. 0. 1. 0. 0. 0. 1. 1. 1. 0. 0.][0. 0. 1. 0.]
[0. 0. 0. 0. 0. 0. 0. 0. 0. 0. 0. 0. 0. 0. 0. 1. 0. 1. 1. 1. 0.][0. 0. 1. 0. 1. 0. 0. 0. 1. 1. 0. 1. 1. 0. 1. 0. 0. 0. 0. 0. 0.][0.         0.         0.42146782 0.57853218]
[0. 0. 0. 0. 0. 0. 0. 0. 0. 0. 0. 0. 0. 0. 0. 1. 0. 1. 1. 0. 0.][0. 0. 0. 0. 0. 1. 1. 1. 1. 1. 1. 0. 0. 0. 1. 1. 0. 0. 0. 0. 0.][1. 0. 0. 0.]
[0. 0. 0. 0. 0. 0. 0. 0. 0. 0. 0. 0. 0. 0. 0. 1. 0. 1. 0. 0. 0.][0. 0. 0. 0. 0. 1. 1. 1. 1. 1. 0. 1. 0. 0. 1. 1. 0. 0. 0. 0. 1.][0. 1. 0. 0.]
