10,0,1000
[0. 0. 0. 1. 1. 1. 1. 0. 0. 1. 0. 0. 0. 1. 0. 0. 0. 0. 1. 0. 0.][0. 0. 1. 0. 0. 0. 0. 1. 0. 1. 0. 0. 1. 0. 0. 0. 0. 0. 0. 0. 0.][0. 1. 0. 0.]
[0. 0. 0. 0. 0. 0. 0. 0. 0. 1. 0. 0. 0. 1. 0. 0. 0. 0. 1. 0. 0.][1. 1. 1. 0. 0. 0. 1. 1. 0. 1. 0. 0. 1. 1. 0. 0. 0. 0. 0. 0. 0.][0. 1. 0. 0.]
[0. 0. 0. 0. 0. 0. 0. 1. 0. 0. 0. 0. 0. 1. 0. 0. 0. 0. 1. 1. 0.][0. 0. 0. 1. 0. 0. 1. 0. 1. 0. 0. 1. 1. 0. 1. 0. 0. 0. 0. 0. 1.][0. 1. 0. 0.]
[0. 0. 0. 0. 0. 0. 0. 0. 0. 0. 0. 0. 0. 0. 1. 0. 0. 1. 0. 0. 1.][0. 1. 1. 1. 0. 1. 1. 0. 0. 0. 0. 0. 1. 0. 1. 1. 0. 0. 0. 0. 0.][0. 1. 0. 0.]
[0. 0. 0. 0. 0. 0. 0. 1. 0. 1. 1. 0. 0. 0. 1. 0. 0. 0. 1. 1. 1.][0. 0. 1. 0. 0. 0. 0. 1. 0. 1. 0. 0. 1. 0. 0. 0. 0. 0. 0. 0. 0.][0. 1. 0. 0.]
[0. 0. 0. 0. 0. 0. 0. 0. 0. 0. 0. 0. 0. 1. 1. 1. 0. 0. 1. 0. 0.][0. 1. 1. 0. 0. 0. 0. 1. 0. 1. 0. 0. 1. 1. 0. 1. 0. 0. 0. 0. 0.][0. 1. 0. 0.]
[0. 0. 0. 0. 0. 0. 0. 1. 0. 1. 0. 0. 0. 0. 1. 0. 0. 1. 1. 0. 0.][0. 0. 0. 1. 0. 1. 1. 0. 0. 1. 0. 0. 1. 0. 0. 0. 0. 0. 1. 0. 0.][0. 1. 0. 0.]
[0. 0. 0. 0. 0. 0. 0. 0. 0. 0. 0. 0. 0. 0. 0. 1. 0. 1. 1. 1. 0.][1. 0. 1. 0. 0. 0. 0. 0. 1. 0. 1. 1. 0. 1. 0. 0. 1. 0. 0. 0. 0.][0.         0.         0.43839896 0.56160104]
[0. 0. 0. 0. 0. 0. 0. 0. 0. 0. 0. 0. 0. 0. 0. 1. 0. 1. 0. 0. 0.][0. 0. 0. 1. 1. 1. 1. 1. 1. 0. 0. 1. 0. 0. 0. 0. 0. 1. 0. 0. 1.][0.         0.52952474 0.47047526 0.        ]
[0. 0. 0. 0. 0. 0. 0. 0. 0. 0. 0. 0. 0. 0. 0. 1. 0. 1. 0. 0. 1.][0. 0. 0. 1. 1. 1. 1. 0. 1. 0. 0. 0. 0. 0. 0. 0. 1. 1. 0. 1. 0.][1. 0. 0. 0.]
