10,0,2000
[0. 0. 0. 0. 1. 1. 0. 1. 0. 0. 1. 0. 0. 1. 0. 0. 0. 0. 1. 1. 1.][1. 0. 0. 0. 0. 0. 0. 0. 0. 1. 0. 0. 0. 1. 0. 0. 0. 0. 0. 0. 0.][0. 1. 0. 0.]
[0. 0. 0. 0. 0. 0. 0. 0. 0. 0. 0. 0. 0. 1. 1. 0. 0. 0. 1. 1. 1.][0. 1. 1. 0. 0. 0. 0. 0. 0. 1. 0. 0. 1. 1. 0. 0. 1. 0. 0. 0. 0.][0. 1. 0. 0.]
[0. 0. 0. 0. 0. 0. 0. 0. 0. 0. 1. 0. 0. 1. 0. 0. 0. 0. 1. 1. 1.][1. 0. 0. 1. 1. 0. 0. 0. 0. 0. 0. 1. 1. 1. 0. 0. 0. 0. 0. 0. 0.][0. 1. 0. 0.]
[0. 0. 0. 0. 0. 0. 0. 0. 0. 0. 0. 0. 0. 0. 1. 1. 0. 1. 0. 0. 0.][1. 0. 0. 1. 1. 1. 0. 0. 0. 0. 0. 0. 0. 1. 1. 0. 1. 0. 0. 1. 0.][0. 1. 0. 0.]
[0. 0. 0. 0. 1. 0. 1. 0. 1. 0. 0. 0. 0. 0. 1. 0. 0. 0. 1. 1. 1.][1. 0. 1. 0. 0. 1. 0. 0. 0. 0. 0. 0. 0. 1. 0. 0. 0. 0. 0. 0. 0.][0. 1. 0. 0.]
[0. 0. 0. 0. 0. 0. 0. 0. 0. 0. 0. 0. 0. 0. 1. 1. 0. 0. 1. 0. 0.][0. 0. 0. 0. 0. 1. 1. 1. 1. 1. 0. 1. 0. 0. 1. 0. 0. 0. 0. 1. 0.][0. 1. 0. 0.]
[0. 0. 0. 0. 0. 0. 0. 1. 1. 0. 0. 0. 0. 0. 1. 0. 0. 0. 1. 1. 0.][0. 0. 0. 1. 1. 0. 0. 0. 1. 0. 0. 0. 1. 1. 1. 0. 0. 0. 0. 0. 0.][0. 1. 0. 0.]
[0. 0. 0. 0. 0. 0. 0. 0. 0. 0. 1. 0. 0. 0. 0. 1. 0. 1. 1. 0. 0.][0. 1. 1. 0. 0. 0. 1. 0. 1. 1. 1. 0. 0. 0. 1. 0. 0. 0. 0. 0. 0.][0.         0.         0.66688703 0.33311297]
[1. 0. 0. 0. 0. 0. 0. 0. 0. 0. 0. 0. 0. 0. 0. 1. 0. 1. 1. 0. 0.][0. 0. 0. 1. 0. 1. 1. 1. 1. 0. 0. 0. 0. 0. 1. 0. 1. 0. 0. 0. 0.][1. 0. 0. 0.]
[0. 0. 0. 0. 0. 0. 0. 0. 0. 0. 0. 0. 0. 0. 0. 1. 0. 1. 0. 0. 0.][0. 0. 0. 1. 1. 1. 1. 1. 1. 1. 0. 0. 0. 0. 1. 0. 0. 0. 0. 1. 0.][0.37837179 0.         0.         0.62162821]
