10,0,20
[0. 0. 0. 0. 0. 0. 1. 0. 1. 1. 0. 1. 0. 0. 0. 1. 0. 0. 0. 0. 1.][0. 0. 0. 1. 0. 0. 0. 0. 1. 0. 0. 0. 0. 0. 1. 1. 1. 0. 0. 0. 0.][0. 0. 1. 0.]
[0. 0. 0. 0. 0. 0. 0. 0. 0. 0. 0. 0. 0. 0. 0. 1. 0. 0. 0. 0. 1.][0. 0. 0. 0. 0. 1. 0. 0. 1. 1. 0. 0. 0. 1. 1. 1. 1. 0. 0. 1. 1.][0.71391727 0.         0.         0.28608273]
[0. 0. 0. 0. 1. 1. 0. 0. 1. 0. 0. 1. 0. 0. 0. 1. 0. 0. 0. 0. 1.][0. 0. 1. 0. 1. 0. 0. 0. 0. 1. 0. 1. 0. 1. 0. 0. 0. 0. 0. 0. 0.][0. 1. 0. 0.]
[0. 0. 0. 0. 0. 0. 0. 0. 0. 0. 0. 0. 0. 0. 0. 0. 0. 1. 0. 0. 0.][1. 0. 0. 1. 0. 1. 1. 1. 1. 0. 1. 1. 0. 1. 0. 0. 1. 0. 0. 0. 0.][0.         0.53703321 0.46296679 0.        ]
[0. 0. 0. 0. 0. 0. 0. 1. 0. 0. 0. 1. 1. 0. 0. 1. 0. 1. 0. 0. 0.][0. 1. 0. 0. 0. 1. 0. 0. 1. 0. 1. 0. 0. 0. 1. 1. 0. 0. 0. 0. 0.][0.         0.         0.27637785 0.72362215]
[0. 0. 0. 0. 0. 0. 0. 0. 0. 0. 0. 0. 0. 0. 0. 1. 0. 1. 0. 0. 1.][0. 0. 1. 1. 0. 0. 0. 0. 1. 0. 1. 0. 0. 1. 0. 0. 0. 1. 0. 1. 1.][0. 1. 0. 0.]
[0. 0. 0. 0. 0. 1. 0. 0. 0. 1. 0. 0. 0. 0. 0. 0. 0. 1. 0. 0. 1.][0. 0. 0. 0. 0. 1. 1. 0. 0. 1. 0. 0. 1. 1. 1. 0. 0. 0. 0. 1. 0.][0.         0.         0.52147643 0.47852357]
[0. 0. 0. 0. 0. 0. 0. 0. 0. 0. 0. 0. 0. 0. 0. 0. 0. 0. 0. 1. 0.][0. 1. 0. 1. 0. 0. 1. 1. 1. 1. 0. 1. 1. 0. 0. 0. 0. 0. 0. 1. 1.][0.         0.71986835 0.28013165 0.        ]
[0. 0. 0. 0. 0. 0. 0. 0. 0. 0. 0. 0. 0. 0. 0. 0. 0. 0. 0. 1. 0.][0. 0. 0. 0. 0. 1. 1. 1. 0. 0. 0. 1. 1. 0. 1. 0. 0. 1. 1. 1. 1.][0.51045956 0.         0.48954044 0.        ]
[0. 0. 0. 0. 0. 0. 0. 0. 0. 0. 0. 0. 0. 0. 0. 0. 0. 0. 0. 1. 0.][0. 0. 0. 0. 1. 1. 0. 1. 0. 0. 1. 1. 1. 0. 1. 0. 1. 1. 1. 0. 0.][0. 1. 0. 0.]
