10,0,1000
[0. 0. 0. 0. 1. 1. 0. 0. 1. 0. 1. 0. 0. 1. 0. 0. 0. 0. 1. 0. 1.][0. 0. 0. 0. 0. 0. 0. 0. 0. 0. 1. 0. 1. 0. 1. 1. 0. 0. 0. 0. 0.][0.45311308 0.         0.         0.54688692]
[0. 0. 0. 0. 0. 0. 0. 0. 0. 0. 1. 0. 0. 1. 0. 0. 0. 0. 1. 0. 0.][1. 1. 0. 0. 0. 1. 0. 0. 0. 0. 1. 0. 1. 0. 1. 0. 0. 0. 1. 0. 1.][0.         0.57394125 0.         0.42605875]
[0. 0. 0. 0. 0. 0. 0. 0. 0. 0. 1. 0. 0. 1. 0. 0. 0. 0. 1. 1. 0.][1. 0. 0. 1. 1. 0. 1. 1. 0. 0. 0. 0. 0. 0. 1. 0. 0. 0. 0. 0. 1.][0.61176195 0.         0.         0.38823805]
[0. 0. 0. 0. 0. 0. 0. 0. 0. 0. 0. 0. 0. 0. 1. 1. 0. 1. 0. 0. 0.][0. 0. 1. 1. 1. 0. 1. 1. 1. 0. 0. 0. 0. 1. 0. 1. 0. 0. 0. 0. 0.][0.51934072 0.         0.         0.48065928]
[0. 0. 0. 0. 0. 1. 0. 0. 1. 1. 0. 0. 0. 0. 1. 0. 0. 0. 0. 1. 1.][0. 0. 1. 0. 0. 0. 0. 0. 0. 0. 1. 1. 0. 0. 1. 1. 0. 0. 0. 0. 0.][0. 0. 0. 1.]
[0. 0. 0. 0. 0. 0. 0. 0. 0. 0. 0. 0. 0. 0. 1. 0. 0. 0. 1. 0. 1.][1. 1. 0. 0. 0. 1. 0. 0. 0. 0. 1. 1. 0. 1. 0. 1. 0. 0. 0. 0. 1.][0.31380456 0.         0.         0.68619544]
[0. 0. 0. 0. 0. 0. 0. 0. 0. 1. 0. 0. 0. 0. 1. 0. 0. 0. 1. 1. 0.][0. 0. 0. 1. 0. 0. 0. 1. 1. 0. 1. 0. 0. 0. 1. 1. 0. 0. 0. 0. 1.][0.39572661 0.         0.         0.60427339]
[1. 0. 0. 0. 0. 0. 0. 0. 0. 0. 0. 0. 0. 0. 0. 0. 0. 1. 1. 0. 0.][0. 0. 0. 1. 1. 0. 0. 1. 1. 1. 0. 0. 0. 0. 0. 0. 1. 1. 0. 0. 1.][0.         0.50080777 0.49919223 0.        ]
[1. 0. 0. 0. 0. 0. 0. 0. 0. 0. 0. 0. 0. 0. 0. 0. 0. 1. 0. 0. 0.][0. 0. 0. 1. 1. 1. 0. 0. 1. 1. 0. 0. 0. 0. 0. 1. 1. 1. 1. 0. 0.][0.63061898 0.36938102 0.         0.        ]
[1. 0. 0. 0. 0. 0. 0. 0. 0. 0. 0. 0. 0. 0. 0. 1. 0. 1. 1. 0. 0.][0. 0. 0. 1. 1. 0. 0. 1. 1. 1. 0. 1. 0. 0. 0. 0. 1. 0. 0. 0. 0.][0. 0. 1. 0.]
