10,0,100
[0. 0. 1. 0. 1. 1. 0. 0. 0. 0. 0. 0. 1. 1. 0. 0. 0. 1. 1. 0. 0.][0. 0. 0. 0. 0. 0. 0. 0. 1. 0. 0. 0. 0. 0. 0. 0. 0. 1. 1. 0. 1.][0.47544085 0.         0.52455915 0.        ]
[0. 0. 0. 0. 0. 0. 0. 0. 0. 0. 0. 0. 1. 0. 0. 0. 0. 1. 0. 0. 0.][0. 0. 0. 0. 0. 0. 1. 1. 1. 1. 1. 0. 1. 1. 1. 0. 0. 0. 0. 1. 0.][0.49404767 0.         0.50595233 0.        ]
[0. 0. 0. 0. 0. 0. 0. 1. 1. 0. 0. 0. 1. 0. 0. 0. 0. 1. 0. 1. 0.][0. 1. 0. 0. 1. 0. 0. 0. 0. 1. 0. 0. 0. 0. 0. 0. 0. 1. 1. 0. 1.][0.26005213 0.36412106 0.37582681 0.        ]
[0. 0. 0. 0. 0. 0. 0. 0. 0. 0. 0. 0. 0. 1. 0. 0. 1. 0. 0. 0. 0.][0. 1. 1. 1. 1. 0. 1. 1. 0. 1. 1. 0. 0. 0. 0. 1. 0. 0. 0. 0. 0.][0.        0.3940132 0.6059868 0.       ]
[0. 0. 0. 0. 0. 0. 0. 1. 0. 0. 0. 0. 0. 1. 1. 0. 0. 1. 0. 1. 1.][0. 0. 1. 0. 0. 1. 0. 0. 1. 1. 0. 0. 0. 0. 0. 0. 0. 0. 1. 0. 0.][1. 0. 0. 0.]
[0. 0. 0. 0. 0. 0. 0. 0. 0. 0. 0. 0. 0. 1. 0. 0. 0. 1. 0. 0. 0.][0. 0. 0. 0. 0. 1. 1. 1. 1. 1. 1. 0. 0. 1. 0. 1. 1. 0. 0. 0. 0.][0.         0.34335156 0.65664844 0.        ]
[0. 0. 0. 0. 0. 0. 1. 0. 0. 0. 0. 0. 0. 1. 0. 0. 1. 1. 1. 0. 1.][0. 0. 0. 1. 1. 0. 1. 0. 0. 1. 0. 0. 0. 0. 0. 0. 0. 0. 1. 0. 0.][0. 0. 1. 0.]
[0. 0. 0. 0. 0. 0. 0. 0. 0. 0. 0. 0. 0. 0. 0. 0. 1. 1. 0. 0. 0.][1. 0. 1. 1. 0. 0. 1. 0. 0. 0. 1. 1. 1. 0. 1. 0. 1. 0. 0. 0. 0.][1. 0. 0. 0.]
[0. 0. 0. 0. 0. 0. 0. 0. 0. 0. 0. 0. 0. 0. 1. 0. 1. 0. 0. 0. 1.][0. 0. 0. 0. 1. 0. 0. 1. 1. 0. 1. 1. 0. 1. 0. 1. 1. 0. 0. 0. 0.][0.38900264 0.         0.61099736 0.        ]
[0. 1. 0. 0. 0. 0. 0. 0. 0. 1. 1. 1. 1. 0. 1. 1. 1. 1. 0. 0. 0.][0. 0. 0. 0. 0. 0. 0. 0. 0. 0. 0. 0. 0. 0. 0. 0. 1. 1. 0. 0. 0.][0.         0.63323548 0.         0.36676452]
