10,0,20
[0. 0. 1. 1. 1. 0. 1. 0. 0. 0. 0. 1. 0. 1. 0. 0. 0. 0. 1. 0. 1.][0. 0. 1. 0. 0. 0. 0. 0. 0. 0. 0. 0. 0. 0. 0. 1. 1. 0. 0. 0. 0.][0. 0. 1. 0.]
[0. 0. 0. 0. 0. 0. 0. 0. 0. 0. 0. 0. 0. 1. 0. 0. 0. 0. 1. 0. 1.][0. 0. 0. 0. 0. 0. 0. 0. 1. 1. 0. 1. 1. 1. 0. 0. 1. 1. 0. 0. 1.][0. 0. 0. 1.]
[0. 0. 0. 1. 1. 0. 1. 0. 0. 0. 0. 0. 0. 1. 1. 0. 0. 0. 0. 1. 0.][1. 0. 0. 0. 0. 0. 0. 0. 1. 0. 0. 0. 1. 1. 0. 0. 0. 0. 0. 1. 0.][0. 0. 0. 1.]
[0. 0. 0. 0. 0. 0. 0. 0. 0. 0. 0. 0. 0. 1. 1. 0. 0. 0. 0. 0. 0.][0. 1. 1. 0. 1. 0. 0. 1. 1. 1. 1. 0. 1. 0. 1. 0. 0. 0. 0. 0. 0.][1. 0. 0. 0.]
[0. 0. 0. 1. 0. 0. 0. 0. 1. 0. 0. 0. 0. 1. 1. 0. 0. 0. 0. 1. 1.][1. 1. 0. 0. 0. 0. 0. 0. 0. 0. 1. 1. 0. 0. 0. 0. 0. 0. 1. 0. 0.][0.72349316 0.27650684 0.         0.        ]
[0. 0. 0. 0. 0. 0. 0. 0. 0. 0. 0. 0. 0. 1. 1. 0. 1. 0. 1. 0. 0.][0. 0. 0. 0. 0. 1. 0. 0. 0. 0. 1. 0. 1. 1. 0. 1. 0. 1. 0. 0. 1.][0. 0. 0. 1.]
[0. 0. 0. 0. 0. 0. 0. 1. 0. 0. 0. 0. 0. 1. 1. 0. 0. 0. 1. 1. 0.][0. 1. 1. 0. 0. 0. 0. 0. 1. 0. 0. 1. 0. 0. 0. 1. 0. 0. 1. 0. 0.][0.31160609 0.         0.68839391 0.        ]
[0. 0. 0. 0. 0. 0. 0. 0. 0. 0. 0. 0. 0. 0. 0. 1. 1. 1. 0. 0. 1.][0. 0. 0. 0. 1. 0. 0. 0. 0. 1. 1. 1. 1. 0. 1. 0. 0. 1. 0. 0. 0.][0. 1. 0. 0.]
[0. 0. 0. 0. 0. 0. 0. 0. 0. 0. 0. 0. 0. 0. 0. 1. 1. 1. 0. 0. 0.][0. 0. 1. 0. 0. 1. 0. 0. 0. 1. 0. 1. 1. 0. 1. 0. 1. 0. 0. 1. 0.][0. 0. 1. 0.]
[0. 0. 0. 0. 0. 0. 0. 0. 0. 0. 0. 0. 0. 0. 0. 1. 1. 1. 0. 0. 0.][0. 0. 1. 0. 0. 0. 0. 0. 1. 1. 1. 0. 1. 0. 1. 1. 0. 0. 0. 1. 0.][0.33028496 0.         0.32241882 0.34729622]
