10,1,2000
[0. 0. 0. 1. 1. 0. 1. 0. 1. 0. 0. 1. 0. 1. 0. 0. 0. 0. 1. 0. 0.][0. 0. 1. 0. 0. 0. 0. 0. 1. 1. 0. 0. 0. 1. 0. 0. 0. 0. 0. 0. 0.][0.71263019 0.         0.28736981 0.        ]
[1. 0. 0. 0. 0. 0. 0. 0. 1. 0. 0. 1. 0. 1. 0. 0. 0. 0. 1. 0. 0.][0. 1. 0. 0. 0. 1. 0. 0. 1. 1. 0. 1. 0. 0. 0. 0. 0. 0. 0. 1. 0.][1. 0. 0. 0.]
[0. 0. 0. 0. 0. 0. 0. 1. 0. 0. 0. 0. 0. 1. 0. 0. 0. 0. 1. 1. 0.][0. 1. 0. 1. 1. 0. 0. 0. 0. 0. 1. 1. 0. 1. 0. 0. 0. 0. 0. 0. 1.][0.64169055 0.         0.         0.35830945]
[0. 0. 0. 0. 0. 0. 0. 0. 0. 0. 0. 0. 0. 0. 1. 1. 0. 1. 0. 0. 0.][0. 0. 1. 1. 1. 0. 0. 0. 0. 0. 1. 0. 0. 1. 1. 0. 0. 0. 1. 1. 0.][0. 0. 0. 1.]
[0. 0. 0. 0. 0. 0. 0. 1. 1. 0. 1. 0. 0. 0. 1. 0. 0. 0. 1. 1. 1.][0. 0. 1. 0. 0. 0. 0. 0. 0. 0. 0. 1. 0. 1. 1. 0. 0. 0. 0. 0. 0.][1. 0. 0. 0.]
[0. 0. 0. 0. 0. 0. 0. 0. 0. 0. 0. 0. 0. 0. 1. 0. 0. 0. 1. 0. 1.][1. 1. 0. 0. 0. 1. 0. 0. 1. 1. 0. 1. 1. 0. 0. 0. 0. 0. 1. 0. 0.][1. 0. 0. 0.]
[0. 0. 0. 0. 0. 0. 0. 0. 1. 0. 0. 0. 0. 0. 1. 0. 0. 0. 1. 1. 0.][0. 0. 0. 1. 1. 0. 0. 0. 0. 0. 0. 1. 0. 1. 1. 0. 0. 0. 1. 0. 1.][1. 0. 0. 0.]
[0. 0. 0. 0. 0. 0. 0. 0. 0. 0. 1. 0. 0. 0. 0. 0. 0. 1. 1. 0. 0.][1. 1. 0. 0. 0. 1. 0. 0. 1. 1. 0. 1. 1. 0. 0. 0. 0. 1. 0. 0. 0.][1. 0. 0. 0.]
[0. 0. 0. 0. 0. 0. 0. 0. 0. 0. 0. 0. 0. 0. 0. 1. 0. 1. 1. 0. 0.][0. 0. 1. 1. 0. 0. 0. 1. 1. 1. 0. 0. 0. 0. 0. 0. 0. 1. 0. 1. 1.][0. 1. 0. 0.]
[0. 0. 0. 0. 0. 0. 0. 0. 0. 0. 0. 0. 0. 0. 0. 1. 0. 1. 0. 0. 0.][0. 0. 1. 0. 0. 0. 1. 1. 1. 1. 0. 0. 0. 0. 0. 0. 0. 1. 1. 1. 1.][0.         0.58126494 0.         0.41873506]
