10,1,20
[0. 0. 0. 1. 1. 0. 1. 1. 0. 1. 0. 0. 1. 0. 1. 0. 0. 0. 0. 1. 0.][0. 0. 0. 0. 0. 0. 0. 1. 0. 0. 0. 0. 0. 0. 0. 0. 1. 1. 0. 0. 0.][0.51556353 0.48443647 0.         0.        ]
[0. 0. 0. 0. 0. 0. 0. 0. 0. 0. 0. 0. 1. 0. 1. 0. 0. 0. 0. 1. 0.][0. 0. 0. 1. 0. 1. 1. 0. 1. 0. 1. 0. 1. 0. 1. 0. 1. 0. 0. 0. 0.][0.39049567 0.31671729 0.         0.29278704]
[0. 0. 0. 0. 0. 0. 0. 0. 1. 0. 0. 0. 0. 0. 1. 0. 0. 0. 0. 0. 0.][0. 0. 0. 1. 0. 1. 0. 0. 1. 1. 1. 0. 0. 1. 1. 0. 0. 1. 0. 1. 0.][0. 0. 1. 0.]
[0. 0. 0. 0. 0. 0. 0. 0. 0. 0. 0. 0. 0. 0. 1. 1. 0. 0. 0. 0. 1.][0. 0. 1. 0. 0. 1. 0. 0. 1. 0. 0. 0. 1. 0. 1. 1. 1. 0. 0. 1. 0.][0.40396649 0.         0.         0.59603351]
[0. 0. 0. 0. 0. 0. 0. 1. 0. 1. 1. 0. 0. 0. 1. 1. 0. 0. 0. 0. 0.][0. 0. 0. 1. 0. 0. 0. 0. 0. 0. 0. 0. 0. 0. 1. 1. 0. 1. 1. 1. 0.][0. 0. 0. 1.]
[0. 0. 0. 0. 0. 0. 0. 0. 0. 0. 0. 0. 0. 0. 1. 1. 0. 0. 0. 0. 1.][0. 0. 0. 0. 1. 1. 0. 1. 0. 0. 0. 1. 0. 1. 0. 0. 0. 0. 1. 1. 1.][0.37594257 0.62405743 0.         0.        ]
[0. 0. 0. 0. 0. 0. 1. 0. 1. 0. 0. 0. 0. 0. 0. 1. 0. 0. 0. 1. 1.][0. 0. 0. 0. 0. 0. 0. 1. 0. 0. 0. 0. 0. 0. 1. 0. 1. 1. 0. 1. 1.][0.         0.         0.46426428 0.53573572]
[0. 0. 0. 0. 0. 0. 0. 0. 0. 0. 0. 0. 0. 0. 0. 0. 0. 1. 1. 0. 0.][0. 0. 0. 1. 1. 0. 1. 1. 0. 0. 1. 0. 0. 0. 0. 0. 1. 1. 1. 1. 0.][1. 0. 0. 0.]
[0. 0. 0. 0. 0. 0. 0. 0. 0. 0. 0. 0. 0. 0. 0. 0. 1. 1. 1. 1. 0.][0. 0. 0. 0. 0. 0. 1. 1. 1. 1. 0. 1. 0. 0. 0. 1. 0. 0. 0. 1. 0.][0.54778699 0.45221301 0.         0.        ]
[0. 0. 0. 0. 0. 0. 0. 0. 0. 0. 0. 0. 0. 0. 0. 0. 1. 1. 1. 0. 0.][0. 0. 0. 0. 0. 0. 0. 1. 0. 0. 1. 1. 1. 1. 0. 1. 0. 0. 1. 1. 0.][0. 0. 1. 0.]
