10,1,5000
[0. 0. 0. 0. 1. 1. 1. 0. 1. 0. 0. 0. 0. 1. 0. 0. 0. 0. 1. 0. 0.][0. 1. 0. 0. 0. 0. 0. 1. 0. 1. 0. 1. 0. 0. 1. 0. 0. 0. 0. 0. 0.][0.         0.52658436 0.47341564 0.        ]
[0. 0. 0. 0. 0. 0. 0. 0. 1. 0. 0. 0. 0. 1. 0. 0. 0. 0. 1. 0. 0.][1. 1. 1. 0. 0. 0. 0. 1. 1. 1. 0. 0. 1. 1. 0. 0. 0. 0. 0. 0. 0.][0.34519036 0.65480964 0.         0.        ]
[0. 0. 0. 0. 0. 0. 0. 1. 0. 0. 0. 0. 0. 1. 0. 0. 0. 0. 1. 1. 0.][0. 0. 0. 1. 1. 1. 0. 0. 0. 1. 0. 1. 0. 1. 1. 0. 0. 0. 0. 0. 0.][0. 1. 0. 0.]
[0. 0. 0. 0. 0. 0. 0. 0. 0. 0. 0. 0. 0. 1. 1. 1. 0. 0. 0. 0. 1.][0. 0. 0. 1. 1. 1. 0. 0. 0. 1. 0. 0. 0. 0. 1. 1. 1. 0. 0. 0. 0.][0. 1. 0. 0.]
[0. 0. 0. 0. 0. 0. 0. 1. 0. 1. 0. 0. 0. 1. 1. 0. 0. 0. 1. 1. 1.][0. 1. 0. 0. 0. 0. 0. 1. 1. 0. 0. 0. 0. 0. 1. 0. 0. 0. 0. 0. 0.][0. 1. 0. 0.]
[0. 0. 0. 0. 0. 0. 0. 0. 0. 0. 0. 0. 0. 1. 1. 0. 0. 0. 1. 0. 0.][1. 1. 1. 0. 0. 0. 0. 1. 1. 1. 0. 0. 1. 0. 1. 0. 0. 0. 0. 0. 0.][0. 1. 0. 0.]
[0. 0. 0. 0. 0. 0. 1. 1. 1. 1. 0. 0. 0. 0. 1. 0. 0. 0. 1. 0. 0.][0. 0. 0. 1. 1. 0. 0. 0. 1. 0. 0. 0. 0. 0. 1. 0. 0. 0. 0. 1. 0.][0. 1. 0. 0.]
[0. 0. 0. 0. 0. 0. 0. 0. 0. 0. 0. 0. 0. 0. 0. 1. 0. 1. 1. 0. 0.][1. 1. 0. 0. 0. 0. 0. 1. 1. 0. 1. 1. 1. 0. 0. 0. 1. 0. 0. 0. 0.][1. 0. 0. 0.]
[1. 0. 0. 0. 0. 0. 0. 0. 0. 0. 0. 0. 0. 0. 0. 1. 0. 1. 0. 0. 0.][0. 0. 0. 0. 0. 0. 1. 1. 1. 0. 0. 1. 0. 1. 0. 1. 0. 1. 0. 0. 1.][0.71119838 0.         0.28880162 0.        ]
[0. 0. 0. 0. 0. 0. 0. 0. 0. 0. 0. 0. 0. 0. 0. 1. 0. 1. 0. 0. 0.][0. 0. 0. 1. 0. 1. 1. 1. 1. 0. 0. 0. 0. 0. 0. 1. 1. 1. 0. 0. 1.][0.38240744 0.         0.         0.61759256]
