10,1,200
[0. 0. 0. 0. 1. 1. 0. 0. 0. 1. 0. 0. 0. 1. 0. 0. 0. 0. 1. 0. 0.][0. 0. 0. 0. 0. 0. 1. 0. 1. 1. 0. 0. 0. 1. 1. 0. 0. 1. 0. 0. 0.][0. 0. 1. 0.]
[0. 0. 0. 0. 0. 0. 0. 0. 0. 0. 0. 1. 0. 1. 1. 0. 0. 0. 1. 0. 0.][0. 0. 0. 0. 0. 0. 1. 0. 0. 1. 1. 1. 0. 0. 0. 1. 0. 0. 0. 1. 1.][0.         0.32500715 0.         0.67499285]
[0. 1. 0. 0. 0. 0. 0. 1. 0. 0. 0. 0. 0. 1. 0. 0. 0. 0. 1. 0. 0.][1. 0. 1. 1. 1. 0. 0. 0. 0. 1. 0. 0. 0. 1. 1. 0. 0. 0. 0. 0. 0.][0.         0.         0.43552645 0.56447355]
[0. 0. 0. 0. 0. 0. 0. 0. 0. 0. 0. 0. 0. 0. 1. 0. 0. 1. 0. 0. 1.][0. 0. 1. 1. 1. 1. 0. 0. 1. 0. 0. 1. 1. 0. 0. 0. 0. 0. 1. 0. 0.][0. 0. 0. 1.]
[0. 0. 0. 0. 0. 0. 0. 0. 0. 1. 0. 0. 0. 0. 1. 0. 0. 0. 1. 1. 1.][0. 1. 0. 0. 0. 0. 1. 0. 0. 1. 0. 0. 1. 1. 1. 0. 0. 0. 0. 0. 0.][0.50396162 0.         0.49603838 0.        ]
[0. 0. 0. 0. 0. 0. 0. 0. 0. 0. 0. 0. 0. 0. 1. 0. 0. 0. 1. 0. 0.][0. 1. 0. 0. 0. 0. 1. 0. 1. 1. 0. 0. 1. 0. 1. 1. 0. 0. 1. 1. 0.][0.         0.         0.60783755 0.39216245]
[0. 0. 0. 0. 0. 0. 0. 1. 0. 1. 1. 0. 0. 0. 1. 0. 0. 1. 1. 0. 0.][0. 0. 1. 0. 1. 0. 0. 0. 0. 0. 0. 0. 1. 0. 1. 0. 0. 0. 1. 0. 0.][0.         0.         0.47936928 0.52063072]
[0. 0. 0. 0. 0. 0. 0. 0. 0. 0. 0. 0. 0. 0. 0. 1. 0. 1. 1. 1. 0.][1. 1. 0. 1. 0. 0. 1. 1. 0. 0. 1. 0. 0. 0. 0. 1. 0. 0. 0. 0. 0.][0.         0.44090562 0.         0.55909438]
[0. 0. 0. 0. 0. 0. 0. 0. 0. 0. 0. 0. 0. 0. 0. 1. 0. 1. 0. 0. 1.][0. 0. 1. 1. 1. 1. 0. 1. 0. 0. 1. 0. 0. 0. 0. 0. 0. 0. 0. 1. 1.][0. 1. 0. 0.]
[0. 0. 0. 0. 0. 0. 0. 0. 0. 0. 0. 0. 0. 0. 0. 1. 0. 1. 0. 0. 1.][0. 0. 1. 1. 0. 1. 0. 1. 0. 0. 0. 0. 0. 0. 0. 0. 1. 1. 1. 0. 1.][0. 1. 0. 0.]
