10,1,500
[0. 0. 0. 0. 0. 1. 0. 0. 0. 1. 0. 0. 1. 0. 0. 0. 0. 1. 1. 0. 1.][0. 0. 0. 0. 0. 0. 0. 0. 1. 0. 1. 1. 0. 1. 0. 0. 0. 1. 0. 0. 0.][0.         0.         0.53673945 0.46326055]
[0. 0. 0. 0. 0. 0. 0. 0. 0. 1. 0. 0. 1. 0. 0. 0. 0. 1. 1. 1. 1.][0. 0. 0. 0. 0. 0. 0. 0. 1. 0. 1. 1. 0. 1. 0. 0. 0. 1. 0. 0. 0.][0. 0. 1. 0.]
[0. 0. 0. 0. 0. 0. 0. 1. 0. 0. 0. 0. 1. 0. 0. 0. 0. 1. 0. 0. 1.][0. 0. 0. 1. 1. 0. 1. 0. 0. 0. 0. 1. 0. 1. 1. 0. 0. 1. 0. 0. 0.][0.34670963 0.         0.65329037 0.        ]
[0. 0. 0. 0. 0. 0. 0. 0. 0. 0. 0. 0. 0. 1. 1. 0. 1. 0. 0. 0. 0.][1. 0. 0. 1. 1. 0. 1. 0. 0. 0. 0. 0. 1. 1. 0. 1. 1. 0. 0. 0. 0.][0.         0.         0.68845459 0.31154541]
[0. 0. 0. 0. 0. 0. 0. 0. 0. 1. 0. 0. 0. 1. 0. 0. 0. 1. 0. 1. 0.][1. 1. 0. 0. 0. 0. 0. 0. 1. 1. 0. 0. 0. 1. 0. 0. 0. 1. 0. 1. 0.][0. 0. 0. 1.]
[0. 0. 0. 0. 0. 0. 0. 0. 0. 0. 0. 0. 0. 1. 0. 0. 0. 1. 0. 0. 1.][0. 1. 1. 0. 0. 1. 0. 1. 1. 1. 1. 0. 0. 1. 0. 0. 0. 0. 0. 0. 0.][0.         0.         0.68941565 0.31058435]
[0. 0. 0. 0. 0. 0. 0. 1. 0. 1. 0. 0. 0. 1. 0. 0. 1. 1. 0. 1. 0.][0. 0. 0. 1. 1. 0. 1. 0. 0. 0. 0. 0. 0. 1. 0. 0. 0. 0. 0. 1. 0.][0. 0. 0. 1.]
[0. 0. 0. 0. 0. 0. 0. 0. 0. 0. 0. 0. 0. 0. 0. 0. 1. 1. 1. 0. 0.][0. 0. 1. 0. 1. 1. 0. 1. 1. 1. 1. 0. 0. 0. 0. 0. 0. 1. 0. 0. 0.][0. 0. 0. 1.]
[0. 0. 0. 0. 0. 0. 0. 0. 0. 0. 0. 0. 0. 0. 0. 0. 1. 0. 0. 0. 0.][1. 0. 0. 0. 1. 1. 1. 0. 1. 1. 1. 0. 0. 0. 0. 1. 1. 0. 0. 0. 1.][1. 0. 0. 0.]
[0. 1. 0. 0. 0. 0. 0. 0. 1. 0. 1. 1. 1. 1. 1. 1. 1. 1. 0. 0. 0.][0. 0. 0. 0. 0. 0. 0. 0. 0. 0. 0. 0. 0. 0. 0. 0. 0. 0. 1. 0. 0.][0.35583623 0.30845181 0.         0.33571196]
