10,1,20
[0. 0. 0. 1. 0. 0. 1. 0. 0. 1. 1. 1. 0. 1. 0. 0. 0. 0. 1. 0. 1.][1. 0. 1. 0. 0. 0. 0. 0. 0. 0. 0. 0. 0. 0. 0. 0. 0. 0. 0. 1. 0.][0.35874132 0.31682731 0.32443138 0.        ]
[0. 0. 0. 0. 0. 0. 0. 0. 0. 0. 1. 0. 0. 1. 0. 0. 0. 0. 0. 1. 0.][0. 1. 1. 0. 0. 1. 1. 0. 0. 1. 0. 1. 0. 0. 0. 0. 0. 0. 0. 1. 1.][0. 0. 1. 0.]
[0. 0. 0. 0. 0. 0. 0. 0. 0. 0. 0. 0. 0. 1. 0. 0. 0. 0. 1. 0. 0.][1. 1. 0. 1. 0. 1. 1. 1. 1. 1. 0. 0. 0. 0. 0. 0. 0. 0. 0. 0. 1.][0.45670441 0.54329559 0.         0.        ]
[0. 0. 0. 0. 0. 0. 0. 0. 0. 0. 1. 0. 0. 0. 1. 0. 0. 0. 0. 0. 0.][0. 0. 1. 1. 0. 0. 1. 0. 0. 0. 0. 0. 1. 0. 1. 1. 1. 0. 0. 1. 1.][0. 0. 1. 0.]
[0. 0. 0. 0. 0. 0. 0. 0. 0. 0. 1. 0. 0. 0. 1. 0. 1. 0. 1. 1. 0.][1. 0. 0. 1. 0. 0. 1. 0. 0. 0. 1. 0. 0. 0. 0. 0. 0. 0. 1. 1. 0.][0. 0. 1. 0.]
[0. 0. 0. 0. 0. 0. 0. 0. 0. 0. 0. 0. 0. 0. 1. 0. 0. 0. 0. 0. 0.][1. 0. 0. 0. 0. 1. 0. 0. 1. 1. 1. 1. 1. 1. 1. 0. 0. 0. 0. 0. 1.][0. 0. 1. 0.]
[0. 0. 0. 0. 0. 0. 0. 0. 0. 1. 1. 0. 0. 0. 1. 0. 0. 0. 1. 0. 0.][1. 0. 0. 1. 0. 1. 1. 0. 1. 0. 0. 0. 0. 0. 1. 0. 0. 0. 0. 0. 1.][0.60889578 0.         0.         0.39110422]
[0. 0. 0. 0. 0. 0. 0. 0. 0. 0. 0. 0. 0. 0. 0. 1. 1. 1. 1. 1. 1.][1. 1. 0. 0. 0. 0. 0. 0. 1. 1. 0. 0. 0. 1. 0. 0. 0. 0. 0. 0. 0.][0.        0.        0.3814701 0.6185299]
[0. 0. 0. 0. 0. 0. 0. 0. 0. 0. 0. 0. 0. 0. 0. 1. 1. 1. 0. 0. 0.][0. 0. 0. 0. 0. 0. 0. 0. 1. 1. 1. 0. 0. 1. 0. 0. 0. 1. 1. 1. 1.][0.         0.38798273 0.         0.61201727]
[0. 0. 0. 0. 0. 0. 0. 0. 0. 0. 1. 0. 0. 0. 0. 1. 1. 1. 0. 0. 0.][0. 0. 0. 1. 0. 0. 0. 1. 1. 0. 1. 0. 0. 1. 0. 0. 1. 0. 1. 0. 0.][0. 1. 0. 0.]
