10,1,200
[0. 0. 1. 1. 1. 0. 0. 0. 0. 0. 0. 1. 0. 0. 0. 0. 1. 0. 1. 0. 0.][0. 0. 1. 0. 0. 0. 1. 0. 0. 0. 0. 0. 0. 0. 1. 0. 0. 0. 1. 1. 0.][0. 0. 1. 0.]
[0. 0. 0. 0. 0. 0. 0. 0. 0. 0. 0. 1. 0. 0. 0. 0. 1. 0. 0. 1. 0.][0. 0. 0. 0. 0. 1. 1. 1. 1. 1. 1. 1. 0. 0. 0. 0. 0. 0. 1. 0. 0.][0.        0.3873198 0.6126802 0.       ]
[0. 0. 0. 0. 0. 0. 1. 0. 1. 0. 0. 1. 0. 0. 0. 0. 1. 0. 0. 0. 1.][1. 0. 0. 0. 0. 0. 0. 1. 0. 0. 0. 1. 0. 0. 1. 0. 0. 0. 1. 1. 0.][0.38088526 0.34350441 0.27561032 0.        ]
[0. 0. 0. 0. 0. 0. 0. 0. 0. 0. 0. 1. 1. 1. 0. 0. 0. 0. 0. 0. 1.][0. 1. 0. 1. 0. 0. 0. 0. 0. 0. 1. 0. 0. 1. 1. 0. 0. 1. 0. 1. 0.][0.         0.36236565 0.28529147 0.35234288]
[0. 0. 0. 0. 0. 0. 0. 0. 0. 0. 0. 1. 1. 0. 0. 0. 1. 1. 0. 1. 0.][0. 1. 0. 0. 0. 0. 1. 1. 0. 0. 0. 0. 0. 1. 1. 0. 1. 0. 0. 0. 0.][0.        0.3220943 0.6779057 0.       ]
[0. 0. 0. 0. 0. 0. 0. 0. 0. 0. 0. 1. 1. 0. 0. 0. 1. 0. 0. 0. 0.][0. 1. 0. 0. 0. 1. 1. 1. 0. 1. 1. 0. 0. 1. 0. 0. 0. 0. 0. 1. 0.][0.58666945 0.         0.41333055 0.        ]
[0. 0. 0. 0. 0. 0. 1. 0. 0. 0. 0. 1. 1. 0. 0. 0. 1. 1. 1. 0. 0.][0. 0. 0. 1. 0. 0. 0. 0. 0. 0. 0. 0. 0. 1. 1. 0. 1. 0. 0. 1. 0.][0. 0. 0. 1.]
[0. 0. 0. 0. 0. 0. 0. 0. 0. 0. 0. 0. 0. 1. 1. 0. 1. 0. 0. 0. 0.][0. 0. 0. 0. 1. 1. 0. 0. 1. 0. 0. 0. 0. 1. 1. 0. 0. 1. 1. 0. 1.][0. 0. 0. 1.]
[0. 0. 1. 1. 0. 1. 1. 0. 1. 0. 1. 0. 1. 1. 0. 1. 0. 0. 0. 0. 0.][0. 0. 1. 0. 0. 0. 0. 0. 0. 1. 0. 0. 0. 0. 0. 0. 0. 0. 0. 0. 0.][0. 1. 0. 0.]
[0. 1. 0. 0. 0. 0. 0. 1. 0. 1. 1. 1. 0. 1. 1. 1. 1. 0. 0. 0. 0.][0. 0. 0. 0. 0. 0. 0. 0. 0. 0. 0. 0. 0. 0. 0. 1. 1. 0. 0. 0. 0.][0.         0.39185933 0.         0.60814067]
