10,1,50
[0. 0. 0. 0. 1. 0. 1. 1. 0. 1. 1. 0. 0. 0. 1. 0. 0. 0. 0. 1. 0.][0. 0. 0. 0. 1. 0. 1. 0. 1. 0. 0. 0. 0. 1. 0. 0. 0. 0. 0. 0. 0.][0.32206275 0.39553696 0.28240029 0.        ]
[0. 0. 0. 0. 0. 0. 0. 0. 0. 0. 0. 0. 0. 0. 1. 0. 0. 0. 0. 0. 0.][0. 0. 0. 1. 0. 0. 0. 1. 1. 1. 1. 1. 0. 1. 0. 1. 0. 1. 0. 0. 1.][0.59304276 0.         0.         0.40695724]
[0. 0. 0. 0. 0. 1. 0. 0. 0. 0. 0. 0. 0. 0. 1. 1. 0. 1. 0. 1. 0.][1. 0. 0. 0. 0. 0. 0. 0. 0. 0. 1. 0. 0. 1. 1. 0. 0. 0. 1. 1. 0.][0.34824284 0.         0.65175716 0.        ]
[0. 0. 0. 0. 0. 0. 0. 0. 0. 0. 0. 0. 0. 0. 1. 1. 0. 0. 0. 0. 1.][0. 1. 0. 1. 0. 1. 1. 0. 1. 0. 0. 0. 0. 0. 0. 0. 1. 1. 0. 0. 1.][0.62559905 0.         0.         0.37440095]
[0. 0. 0. 0. 0. 0. 0. 1. 0. 1. 1. 1. 0. 0. 1. 1. 0. 0. 0. 1. 0.][0. 0. 0. 0. 1. 0. 0. 1. 0. 0. 0. 0. 1. 1. 0. 0. 0. 0. 0. 0. 0.][0.        0.3383072 0.6616928 0.       ]
[0. 0. 0. 0. 0. 0. 0. 0. 0. 0. 0. 0. 0. 0. 1. 1. 0. 0. 0. 1. 0.][0. 1. 1. 0. 0. 0. 0. 1. 1. 0. 1. 1. 1. 0. 0. 0. 1. 0. 0. 0. 0.][1. 0. 0. 0.]
[0. 0. 0. 0. 0. 0. 0. 0. 0. 0. 1. 1. 0. 0. 1. 1. 0. 0. 0. 1. 0.][0. 1. 0. 0. 0. 0. 1. 0. 0. 0. 1. 1. 0. 1. 0. 0. 0. 1. 0. 0. 0.][0. 0. 0. 1.]
[0. 0. 0. 0. 0. 0. 0. 0. 0. 0. 1. 0. 0. 0. 0. 0. 1. 1. 1. 1. 0.][0. 0. 0. 0. 1. 0. 0. 1. 1. 1. 1. 0. 0. 0. 0. 1. 0. 0. 0. 0. 0.][0.         0.49511861 0.50488139 0.        ]
[0. 0. 0. 0. 0. 0. 0. 0. 0. 0. 0. 0. 0. 0. 0. 0. 1. 1. 1. 1. 0.][0. 1. 0. 0. 0. 1. 1. 1. 0. 0. 1. 0. 0. 1. 0. 0. 0. 1. 0. 0. 0.][0.         0.3243783  0.38613127 0.28949042]
[0. 1. 0. 0. 0. 0. 0. 0. 1. 0. 0. 0. 1. 1. 1. 1. 1. 1. 1. 1. 0.][0. 0. 0. 0. 0. 0. 0. 0. 0. 0. 0. 0. 0. 0. 1. 0. 0. 0. 0. 0. 0.][0.         0.38106163 0.61893837 0.        ]
