10,1,500
[0. 0. 0. 0. 1. 0. 0. 0. 0. 1. 0. 0. 1. 0. 0. 0. 0. 1. 0. 1. 0.][1. 0. 0. 0. 0. 0. 0. 0. 1. 0. 1. 1. 0. 0. 0. 0. 1. 1. 0. 0. 0.][0.         0.45771896 0.         0.54228104]
[0. 0. 0. 0. 0. 0. 0. 0. 0. 1. 0. 0. 1. 0. 0. 0. 0. 1. 0. 0. 0.][0. 1. 1. 0. 0. 0. 0. 0. 1. 1. 1. 1. 0. 1. 0. 0. 0. 1. 0. 0. 0.][0.         0.54011516 0.         0.45988484]
[0. 0. 0. 0. 0. 0. 0. 1. 0. 1. 0. 0. 1. 0. 0. 0. 0. 1. 0. 0. 1.][1. 0. 0. 1. 0. 0. 0. 0. 0. 0. 1. 0. 1. 0. 0. 0. 1. 1. 0. 0. 0.][0.         0.46194571 0.         0.53805429]
[0. 0. 0. 0. 0. 0. 0. 0. 0. 0. 0. 0. 0. 1. 0. 0. 1. 0. 0. 0. 0.][1. 1. 0. 1. 1. 1. 1. 0. 0. 0. 0. 0. 1. 1. 0. 0. 1. 0. 0. 0. 0.][0.63120907 0.36879093 0.         0.        ]
[0. 0. 0. 0. 0. 0. 0. 1. 0. 1. 0. 0. 0. 1. 0. 0. 0. 1. 0. 1. 1.][1. 0. 1. 0. 0. 0. 0. 0. 1. 0. 0. 0. 0. 0. 0. 0. 1. 1. 0. 0. 0.][0.50522732 0.49477268 0.         0.        ]
[0. 0. 0. 0. 0. 0. 0. 0. 0. 0. 0. 0. 0. 1. 0. 0. 0. 1. 0. 0. 1.][0. 0. 1. 0. 0. 0. 0. 1. 1. 1. 1. 1. 1. 0. 0. 0. 1. 0. 0. 0. 0.][0. 1. 0. 0.]
[0. 0. 0. 0. 0. 1. 0. 0. 0. 1. 0. 0. 0. 1. 0. 0. 0. 1. 0. 1. 0.][0. 0. 0. 1. 1. 1. 1. 0. 0. 0. 0. 0. 0. 0. 0. 0. 1. 0. 1. 0. 0.][0. 1. 0. 0.]
[0. 0. 0. 0. 0. 0. 0. 0. 0. 0. 0. 0. 0. 0. 0. 0. 1. 1. 1. 0. 0.][0. 0. 1. 0. 1. 0. 0. 1. 1. 1. 1. 1. 0. 0. 1. 0. 0. 0. 0. 0. 0.][0.33632684 0.66367316 0.         0.        ]
[1. 0. 0. 0. 0. 0. 0. 0. 0. 0. 0. 0. 0. 0. 1. 0. 1. 0. 0. 0. 0.][0. 0. 0. 0. 1. 1. 1. 0. 1. 1. 1. 0. 0. 0. 0. 0. 1. 0. 0. 1. 0.][0. 1. 0. 0.]
[0. 1. 0. 0. 0. 0. 0. 0. 1. 0. 1. 1. 1. 1. 1. 1. 1. 1. 0. 0. 0.][0. 0. 0. 0. 0. 0. 0. 0. 0. 0. 0. 0. 0. 0. 0. 0. 0. 0. 1. 0. 0.][0. 0. 1. 0.]
