10,1,50
[0. 0. 0. 1. 1. 0. 0. 0. 0. 0. 0. 1. 0. 0. 1. 0. 1. 0. 0. 1. 0.][0. 1. 0. 0. 0. 0. 0. 1. 0. 0. 1. 0. 1. 0. 0. 0. 0. 1. 0. 0. 0.][0. 0. 0. 1.]
[0. 0. 0. 0. 0. 0. 0. 0. 0. 0. 0. 0. 0. 0. 1. 0. 0. 0. 0. 1. 0.][0. 0. 0. 0. 1. 0. 1. 1. 0. 0. 1. 1. 1. 1. 1. 0. 0. 0. 1. 0. 0.][0.         0.59438553 0.40561447 0.        ]
[0. 0. 0. 0. 0. 0. 1. 1. 1. 0. 0. 0. 0. 0. 1. 0. 0. 0. 0. 1. 1.][0. 0. 0. 0. 0. 1. 0. 0. 1. 0. 0. 1. 0. 0. 1. 0. 0. 1. 0. 0. 0.][0.         0.37128352 0.         0.62871648]
[0. 0. 0. 0. 0. 0. 0. 0. 0. 0. 0. 0. 0. 0. 0. 1. 0. 0. 0. 0. 0.][0. 0. 1. 1. 1. 0. 1. 1. 1. 0. 0. 1. 1. 1. 0. 0. 0. 0. 1. 0. 0.][0.         0.70387629 0.         0.29612371]
[0. 0. 0. 0. 0. 0. 0. 0. 0. 0. 0. 0. 0. 0. 0. 1. 1. 0. 0. 1. 1.][1. 1. 1. 0. 1. 0. 0. 0. 0. 0. 0. 0. 1. 1. 1. 0. 0. 0. 0. 0. 0.][0.57305565 0.42694435 0.         0.        ]
[0. 0. 0. 0. 0. 0. 0. 0. 0. 0. 0. 0. 0. 0. 0. 1. 0. 1. 0. 1. 1.][1. 0. 0. 0. 0. 0. 0. 0. 0. 0. 1. 0. 1. 1. 0. 0. 1. 1. 0. 0. 1.][0.63870959 0.36129041 0.         0.        ]
[0. 0. 0. 0. 0. 0. 0. 1. 0. 0. 1. 1. 0. 0. 0. 1. 0. 0. 0. 1. 0.][0. 0. 1. 0. 0. 0. 1. 1. 0. 0. 0. 1. 0. 0. 0. 1. 1. 0. 0. 0. 0.][0.41540185 0.58459815 0.         0.        ]
[0. 0. 0. 0. 0. 0. 0. 0. 0. 0. 0. 0. 0. 0. 0. 0. 0. 1. 1. 0. 1.][1. 1. 0. 0. 0. 0. 0. 1. 0. 0. 0. 0. 1. 0. 1. 1. 0. 1. 0. 0. 1.][0.54091704 0.45908296 0.         0.        ]
[0. 0. 0. 0. 0. 0. 0. 0. 0. 0. 0. 0. 0. 0. 0. 0. 0. 1. 1. 0. 0.][0. 0. 0. 0. 0. 0. 1. 1. 0. 0. 1. 1. 1. 0. 0. 0. 1. 0. 1. 1. 1.][0.45519905 0.54480095 0.         0.        ]
[0. 0. 0. 0. 0. 0. 0. 0. 0. 0. 0. 0. 0. 0. 0. 0. 0. 1. 1. 0. 0.][0. 0. 0. 1. 1. 0. 0. 1. 0. 1. 1. 0. 0. 0. 1. 1. 0. 0. 1. 0. 1.][1. 0. 0. 0.]
