10,2,100
[0. 0. 0. 0. 1. 0. 1. 0. 1. 0. 1. 0. 1. 0. 1. 0. 0. 0. 0. 1. 0.][0. 1. 0. 0. 1. 0. 0. 0. 0. 0. 0. 0. 1. 0. 0. 0. 0. 1. 0. 0. 0.][0.57939547 0.42060453 0.         0.        ]
[0. 0. 0. 0. 0. 0. 1. 0. 1. 0. 0. 0. 0. 0. 1. 0. 0. 0. 0. 1. 1.][1. 0. 0. 0. 0. 0. 0. 1. 0. 0. 0. 0. 1. 0. 0. 1. 0. 0. 1. 1. 0.][0.         0.         0.62989556 0.37010444]
[0. 0. 0. 0. 0. 0. 0. 1. 0. 0. 0. 0. 0. 0. 1. 0. 0. 0. 0. 1. 0.][0. 0. 1. 0. 0. 1. 0. 1. 0. 0. 0. 1. 0. 0. 0. 1. 1. 1. 1. 0. 0.][0. 0. 1. 0.]
[0. 0. 0. 0. 0. 0. 0. 0. 0. 0. 0. 0. 0. 0. 1. 1. 0. 0. 0. 0. 0.][0. 1. 0. 1. 0. 0. 1. 1. 0. 1. 0. 1. 0. 0. 0. 1. 1. 0. 1. 0. 0.][0. 1. 0. 0.]
[0. 0. 0. 1. 0. 0. 1. 1. 1. 0. 1. 0. 0. 0. 1. 1. 0. 0. 0. 1. 0.][0. 1. 0. 0. 0. 0. 0. 0. 0. 0. 1. 0. 0. 0. 0. 0. 0. 0. 1. 0. 0.][1. 0. 0. 0.]
[0. 0. 0. 0. 0. 0. 0. 0. 0. 0. 0. 0. 0. 0. 1. 1. 0. 0. 0. 1. 0.][0. 0. 0. 0. 0. 1. 0. 0. 1. 1. 1. 0. 1. 0. 1. 1. 0. 0. 1. 0. 0.][0.34532265 0.         0.33385395 0.3208234 ]
[0. 0. 0. 0. 0. 0. 0. 0. 0. 0. 0. 0. 0. 0. 0. 0. 0. 0. 1. 1. 0.][0. 0. 0. 1. 1. 1. 0. 0. 1. 1. 0. 1. 1. 0. 0. 0. 0. 0. 1. 0. 1.][1. 0. 0. 0.]
[0. 0. 0. 0. 0. 1. 0. 0. 1. 0. 1. 1. 0. 0. 0. 1. 0. 0. 0. 1. 0.][0. 0. 1. 0. 1. 0. 0. 1. 0. 0. 0. 0. 0. 0. 0. 1. 0. 0. 1. 0. 0.][0.         0.65557157 0.         0.34442843]
[1. 0. 0. 0. 0. 0. 0. 0. 0. 0. 0. 0. 0. 0. 0. 0. 1. 0. 1. 0. 0.][0. 0. 1. 1. 0. 0. 0. 1. 0. 1. 1. 1. 0. 0. 1. 0. 1. 0. 0. 0. 0.][0.         0.         0.46295843 0.53704157]
[0. 0. 0. 0. 0. 0. 0. 0. 0. 0. 0. 0. 0. 0. 0. 0. 0. 0. 1. 0. 0.][0. 1. 0. 1. 1. 0. 0. 0. 1. 1. 1. 1. 0. 1. 1. 0. 1. 0. 0. 0. 0.][0. 1. 0. 0.]
