10,2,1000
[0. 0. 0. 0. 0. 0. 1. 1. 0. 1. 0. 0. 1. 0. 0. 0. 0. 1. 1. 0. 0.][0. 0. 0. 0. 0. 0. 0. 0. 0. 0. 0. 1. 0. 1. 1. 1. 0. 0. 0. 0. 1.][0. 0. 1. 0.]
[0. 0. 0. 0. 0. 0. 0. 0. 0. 1. 0. 0. 1. 0. 0. 0. 0. 1. 0. 1. 1.][0. 1. 0. 0. 0. 0. 0. 1. 0. 1. 0. 1. 0. 0. 1. 0. 0. 0. 0. 1. 0.][0.         0.         0.62194031 0.37805969]
[0. 0. 0. 0. 0. 0. 0. 0. 0. 1. 0. 0. 1. 0. 0. 0. 0. 1. 0. 0. 1.][0. 0. 1. 1. 0. 0. 0. 0. 0. 0. 0. 0. 1. 1. 1. 0. 0. 0. 0. 1. 1.][0.63663085 0.36336915 0.         0.        ]
[0. 0. 0. 0. 0. 0. 0. 0. 0. 0. 0. 0. 0. 1. 1. 0. 0. 0. 0. 0. 0.][1. 0. 1. 1. 1. 0. 0. 0. 0. 0. 0. 0. 1. 1. 0. 1. 1. 1. 0. 0. 0.][0.39640574 0.60359426 0.         0.        ]
[0. 0. 0. 0. 1. 1. 1. 0. 0. 1. 0. 0. 0. 1. 0. 0. 0. 1. 0. 1. 0.][1. 0. 0. 0. 0. 0. 1. 1. 0. 0. 0. 0. 0. 1. 0. 0. 0. 0. 0. 0. 0.][0.61895748 0.         0.         0.38104252]
[0. 0. 0. 0. 0. 0. 0. 0. 0. 0. 0. 0. 0. 1. 0. 0. 0. 1. 0. 0. 0.][0. 1. 0. 1. 0. 0. 1. 1. 0. 1. 0. 1. 0. 1. 0. 0. 0. 1. 1. 0. 0.][0.3562561 0.        0.        0.6437439]
[0. 0. 0. 0. 0. 0. 0. 1. 0. 1. 0. 0. 0. 1. 0. 0. 0. 1. 0. 1. 0.][0. 0. 0. 1. 1. 0. 0. 1. 0. 0. 0. 0. 0. 1. 0. 1. 0. 0. 0. 0. 1.][0.         0.         0.63375927 0.36624073]
[0. 0. 0. 0. 0. 0. 0. 0. 0. 0. 0. 0. 0. 0. 1. 0. 1. 1. 1. 0. 0.][0. 0. 0. 0. 0. 1. 1. 1. 1. 0. 0. 0. 0. 0. 1. 0. 1. 1. 0. 0. 0.][0.36617547 0.63382453 0.         0.        ]
[0. 0. 0. 0. 0. 0. 0. 0. 0. 0. 0. 0. 0. 0. 1. 0. 1. 0. 0. 0. 0.][1. 0. 1. 1. 1. 1. 1. 1. 0. 0. 0. 0. 0. 0. 0. 0. 0. 0. 1. 0. 1.][0.3534968 0.        0.        0.6465032]
[0. 1. 0. 0. 0. 0. 0. 0. 1. 0. 1. 1. 1. 1. 1. 1. 1. 1. 0. 0. 0.][0. 0. 0. 0. 0. 0. 0. 0. 0. 0. 0. 0. 0. 0. 0. 1. 0. 0. 0. 0. 0.][0.         0.62399182 0.37600818 0.        ]
