10,2,100
[0. 0. 1. 0. 1. 1. 0. 1. 0. 0. 0. 0. 1. 0. 0. 0. 0. 1. 1. 0. 0.][0. 0. 0. 0. 0. 0. 0. 1. 0. 0. 0. 0. 0. 0. 0. 1. 0. 1. 1. 0. 0.][0. 0. 1. 0.]
[0. 0. 0. 0. 0. 0. 0. 0. 0. 0. 0. 0. 1. 0. 0. 0. 0. 1. 0. 1. 0.][0. 1. 0. 1. 1. 0. 0. 1. 0. 0. 0. 1. 0. 1. 1. 0. 1. 0. 0. 0. 0.][0.35249683 0.2998739  0.         0.34762926]
[0. 0. 0. 0. 0. 0. 0. 1. 0. 0. 0. 0. 1. 0. 0. 0. 0. 1. 0. 0. 1.][1. 0. 0. 0. 1. 1. 0. 0. 0. 0. 0. 0. 1. 1. 0. 0. 1. 1. 0. 0. 0.][0. 1. 0. 0.]
[0. 0. 0. 0. 0. 0. 0. 0. 0. 0. 0. 0. 0. 1. 0. 0. 0. 0. 0. 0. 1.][1. 0. 0. 1. 1. 1. 0. 1. 1. 0. 1. 0. 1. 0. 1. 0. 0. 0. 0. 0. 0.][0.70953343 0.         0.29046657 0.        ]
[0. 0. 0. 0. 0. 0. 0. 0. 0. 0. 0. 0. 1. 1. 0. 0. 0. 1. 1. 1. 1.][0. 0. 1. 0. 0. 0. 0. 1. 0. 0. 0. 1. 1. 0. 0. 0. 0. 1. 0. 0. 0.][0.67534311 0.         0.32465689 0.        ]
[0. 0. 0. 0. 0. 0. 0. 0. 0. 0. 0. 0. 1. 1. 0. 0. 0. 1. 0. 0. 0.][0. 1. 0. 1. 0. 0. 0. 1. 1. 0. 0. 1. 1. 0. 0. 0. 1. 0. 1. 0. 0.][0. 0. 1. 0.]
[0. 0. 0. 0. 0. 0. 0. 1. 0. 0. 0. 0. 0. 1. 0. 0. 0. 1. 1. 0. 1.][1. 0. 0. 0. 1. 1. 0. 0. 0. 0. 0. 0. 1. 0. 0. 0. 1. 0. 0. 1. 0.][0.        0.5327477 0.4672523 0.       ]
[0. 0. 0. 0. 0. 0. 0. 0. 0. 0. 0. 0. 0. 0. 1. 1. 0. 1. 0. 1. 0.][0. 0. 1. 0. 0. 0. 0. 1. 1. 1. 1. 0. 0. 1. 0. 1. 0. 0. 0. 0. 0.][0.         0.33362098 0.         0.66637902]
[0. 0. 0. 0. 0. 0. 0. 0. 0. 0. 0. 0. 0. 0. 1. 1. 0. 0. 0. 0. 0.][0. 0. 1. 0. 0. 1. 1. 1. 0. 1. 1. 1. 0. 0. 0. 1. 0. 0. 0. 1. 0.][0.49239119 0.         0.         0.50760881]
[0. 1. 0. 0. 0. 0. 0. 0. 1. 0. 1. 1. 1. 1. 1. 0. 1. 1. 0. 0. 0.][0. 0. 0. 0. 0. 0. 0. 0. 0. 0. 0. 0. 0. 0. 0. 0. 1. 1. 0. 0. 0.][0.70848851 0.29151149 0.         0.        ]
