10,2,200
[0. 0. 0. 0. 1. 1. 0. 0. 1. 1. 0. 0. 1. 0. 0. 0. 0. 1. 1. 0. 0.][0. 0. 0. 0. 0. 0. 0. 0. 0. 1. 1. 0. 1. 0. 0. 0. 0. 1. 0. 0. 0.][0. 1. 0. 0.]
[0. 0. 0. 0. 0. 0. 0. 0. 0. 0. 0. 0. 1. 0. 0. 0. 0. 1. 0. 1. 0.][0. 1. 0. 0. 0. 0. 0. 1. 0. 1. 1. 0. 1. 0. 1. 0. 1. 0. 1. 0. 0.][0. 1. 0. 0.]
[0. 0. 0. 0. 0. 0. 1. 0. 1. 0. 0. 0. 1. 0. 0. 0. 0. 1. 0. 0. 0.][0. 1. 1. 0. 0. 1. 1. 0. 1. 0. 0. 1. 1. 0. 0. 0. 0. 0. 0. 0. 0.][0. 1. 0. 0.]
[0. 0. 0. 0. 0. 0. 0. 0. 0. 0. 0. 0. 0. 1. 0. 0. 0. 0. 0. 0. 0.][1. 1. 0. 0. 1. 1. 0. 0. 0. 1. 0. 1. 1. 1. 1. 1. 0. 0. 0. 0. 0.][0.55429233 0.         0.44570767 0.        ]
[0. 0. 0. 0. 1. 0. 0. 0. 0. 0. 0. 0. 0. 1. 0. 0. 0. 1. 1. 1. 0.][1. 0. 0. 1. 0. 0. 0. 1. 0. 0. 1. 0. 1. 0. 0. 0. 0. 1. 0. 0. 0.][1. 0. 0. 0.]
[0. 0. 0. 0. 0. 0. 0. 0. 0. 0. 0. 0. 0. 1. 1. 0. 0. 1. 0. 0. 0.][0. 0. 0. 1. 0. 1. 0. 1. 0. 0. 1. 1. 1. 1. 0. 0. 0. 1. 0. 0. 0.][0.         0.57727667 0.         0.42272333]
[0. 0. 0. 0. 0. 0. 0. 0. 1. 0. 0. 0. 0. 1. 0. 0. 0. 1. 1. 0. 1.][1. 0. 0. 0. 1. 1. 0. 0. 0. 0. 0. 0. 1. 0. 0. 0. 0. 1. 1. 0. 0.][0.57640085 0.         0.42359915 0.        ]
[0. 0. 0. 0. 0. 0. 0. 0. 0. 0. 0. 0. 0. 0. 1. 1. 1. 0. 0. 0. 0.][0. 0. 0. 0. 1. 0. 1. 1. 1. 0. 1. 0. 0. 0. 0. 0. 1. 0. 0. 1. 1.][0.51951941 0.         0.48048059 0.        ]
[0. 0. 0. 0. 0. 0. 0. 0. 0. 0. 0. 0. 0. 0. 1. 0. 1. 0. 0. 0. 0.][1. 0. 1. 0. 1. 1. 0. 0. 1. 0. 1. 0. 0. 0. 0. 0. 0. 1. 0. 1. 1.][0. 0. 0. 1.]
[0. 1. 0. 0. 0. 0. 0. 1. 0. 0. 1. 1. 1. 1. 1. 1. 1. 1. 0. 0. 0.][0. 0. 0. 0. 0. 0. 0. 0. 0. 0. 0. 0. 0. 0. 0. 0. 0. 1. 0. 0. 0.][1. 0. 0. 0.]
