10,2,5000
[0. 0. 0. 1. 1. 0. 0. 0. 1. 0. 0. 0. 0. 1. 0. 0. 0. 0. 1. 0. 0.][1. 0. 0. 0. 0. 0. 0. 0. 1. 0. 1. 0. 0. 0. 0. 0. 1. 1. 1. 0. 0.][0. 1. 0. 0.]
[0. 0. 0. 0. 0. 0. 0. 0. 0. 0. 0. 0. 0. 1. 0. 0. 0. 0. 1. 1. 0.][1. 1. 1. 0. 0. 0. 0. 1. 1. 1. 1. 0. 0. 0. 0. 1. 0. 0. 0. 0. 0.][0.         0.60899572 0.39100428 0.        ]
[0. 0. 0. 0. 0. 0. 0. 1. 0. 0. 0. 0. 0. 1. 0. 0. 0. 0. 1. 0. 0.][0. 1. 0. 1. 0. 0. 0. 0. 0. 1. 1. 0. 1. 0. 0. 0. 1. 1. 0. 0. 1.][0. 1. 0. 0.]
[0. 0. 0. 0. 0. 0. 0. 0. 0. 0. 0. 0. 0. 0. 1. 0. 0. 1. 0. 0. 1.][0. 0. 0. 1. 1. 1. 0. 0. 0. 0. 0. 0. 1. 1. 1. 1. 0. 1. 0. 0. 0.][1. 0. 0. 0.]
[0. 0. 0. 0. 0. 0. 0. 1. 1. 0. 0. 0. 0. 0. 1. 0. 0. 0. 1. 1. 1.][0. 0. 1. 0. 0. 0. 0. 0. 1. 1. 0. 0. 0. 0. 0. 0. 1. 1. 0. 0. 0.][0.         0.68486128 0.31513872 0.        ]
[0. 0. 0. 0. 0. 0. 0. 0. 0. 0. 0. 0. 0. 0. 1. 0. 0. 0. 1. 0. 0.][0. 1. 1. 0. 0. 0. 0. 1. 1. 1. 1. 0. 0. 1. 0. 0. 0. 1. 0. 0. 1.][0. 0. 1. 0.]
[0. 1. 0. 0. 0. 0. 0. 1. 1. 0. 0. 0. 0. 0. 1. 0. 0. 1. 1. 0. 0.][0. 0. 0. 0. 1. 0. 0. 0. 0. 0. 1. 0. 0. 0. 0. 0. 0. 1. 1. 0. 1.][0.38152683 0.         0.61847317 0.        ]
[0. 0. 0. 0. 0. 0. 0. 0. 0. 0. 1. 0. 0. 0. 0. 1. 0. 1. 1. 1. 0.][1. 0. 0. 0. 0. 0. 1. 1. 1. 1. 0. 0. 0. 0. 0. 0. 1. 0. 0. 0. 0.][0.         0.54496662 0.45503338 0.        ]
[0. 0. 0. 0. 0. 0. 0. 0. 0. 0. 0. 0. 0. 0. 0. 1. 0. 1. 1. 0. 1.][0. 0. 0. 0. 0. 1. 1. 0. 1. 0. 0. 0. 0. 1. 0. 1. 1. 0. 0. 0. 1.][1. 0. 0. 0.]
[1. 0. 0. 0. 0. 0. 0. 0. 0. 0. 0. 0. 0. 0. 0. 1. 1. 1. 0. 0. 0.][0. 0. 0. 0. 1. 1. 0. 0. 1. 1. 0. 0. 0. 1. 0. 1. 1. 0. 0. 0. 0.][0. 0. 1. 0.]
[1. 0. 1. 1. 0. 1. 0. 0. 0. 0. 0. 0. 0. 0. 0. 1. 1. 0. 1. 0. 0.][0. 0. 0. 0. 0. 0. 0. 0. 0. 0. 0. 0. 0. 0. 0. 0. 1. 1. 1. 1. 0.][0. 0. 0. 1.]
[1. 0. 1. 1. 0. 1. 0. 0. 0. 0. 0. 0. 0. 0. 0. 1. 1. 0. 1. 0. 0.][0. 0. 0. 0. 0. 0. 0. 0. 0. 0. 0. 0. 0. 0. 0. 0. 1. 1. 1. 1. 0.][0. 0. 0. 1.]
