10,2,200
[0. 0. 0. 1. 1. 1. 0. 0. 0. 0. 0. 0. 1. 0. 0. 0. 0. 1. 0. 0. 0.][0. 1. 0. 0. 0. 0. 1. 1. 0. 0. 1. 0. 0. 0. 1. 1. 0. 0. 0. 0. 0.][0.         0.32047386 0.67952614 0.        ]
[0. 0. 0. 0. 0. 1. 0. 0. 0. 0. 0. 0. 1. 0. 0. 0. 0. 1. 0. 0. 0.][0. 0. 0. 0. 0. 0. 1. 1. 1. 0. 1. 0. 1. 0. 0. 1. 1. 0. 1. 0. 0.][0. 0. 1. 0.]
[0. 1. 0. 0. 0. 0. 0. 1. 0. 0. 0. 0. 1. 0. 0. 0. 0. 1. 1. 1. 1.][0. 0. 1. 0. 0. 1. 0. 0. 0. 0. 0. 1. 0. 0. 0. 1. 0. 0. 0. 0. 0.][0. 0. 0. 1.]
[0. 0. 0. 0. 0. 0. 0. 0. 0. 0. 0. 0. 0. 1. 0. 0. 0. 0. 0. 0. 0.][1. 0. 0. 1. 1. 1. 0. 0. 0. 0. 1. 1. 1. 1. 0. 0. 1. 0. 0. 0. 1.][0. 0. 0. 1.]
[0. 0. 0. 0. 0. 0. 0. 1. 1. 0. 0. 0. 0. 1. 0. 0. 0. 1. 1. 0. 0.][0. 1. 0. 0. 0. 0. 0. 1. 0. 0. 0. 0. 0. 1. 0. 1. 0. 0. 0. 1. 1.][0.         0.53048393 0.46951607 0.        ]
[0. 0. 0. 0. 0. 0. 0. 0. 0. 0. 0. 0. 0. 1. 0. 0. 0. 1. 0. 0. 0.][0. 1. 0. 0. 0. 1. 1. 1. 1. 0. 0. 0. 1. 0. 0. 1. 1. 0. 0. 0. 1.][0.67678754 0.32321246 0.         0.        ]
[0. 0. 0. 0. 0. 0. 0. 1. 1. 0. 0. 0. 0. 1. 0. 0. 0. 1. 0. 0. 1.][0. 0. 0. 1. 0. 1. 0. 0. 0. 0. 0. 0. 0. 1. 0. 1. 0. 0. 0. 1. 1.][0. 0. 0. 1.]
[0. 0. 0. 0. 0. 0. 0. 0. 0. 0. 0. 0. 0. 0. 1. 0. 1. 1. 0. 1. 0.][0. 1. 0. 1. 1. 1. 0. 0. 1. 0. 1. 0. 1. 0. 0. 0. 0. 0. 0. 0. 0.][0.         0.42065241 0.         0.57934759]
[0. 0. 0. 0. 0. 0. 0. 0. 0. 0. 0. 0. 0. 0. 1. 1. 1. 1. 0. 0. 0.][0. 0. 1. 1. 1. 1. 1. 0. 0. 0. 0. 0. 0. 0. 0. 0. 0. 0. 1. 0. 1.][0.32723992 0.67276008 0.         0.        ]
[0. 1. 0. 0. 0. 0. 0. 0. 0. 1. 1. 1. 1. 0. 1. 1. 1. 1. 0. 0. 0.][0. 0. 0. 0. 0. 0. 0. 0. 0. 0. 0. 0. 0. 0. 1. 0. 0. 0. 0. 1. 0.][1. 0. 0. 0.]
