10,2,100
[0. 0. 0. 1. 0. 1. 1. 0. 1. 0. 0. 1. 0. 0. 1. 0. 0. 0. 0. 1. 0.][0. 0. 0. 0. 0. 0. 0. 0. 0. 1. 1. 1. 0. 0. 1. 0. 0. 0. 0. 0. 0.][0. 1. 0. 0.]
[0. 0. 0. 0. 0. 0. 0. 0. 0. 0. 0. 0. 0. 0. 1. 0. 0. 0. 0. 1. 1.][1. 0. 0. 0. 0. 0. 0. 0. 0. 1. 1. 1. 1. 1. 1. 0. 0. 0. 0. 0. 1.][0.         0.43073628 0.56926372 0.        ]
[0. 0. 0. 0. 0. 0. 0. 1. 0. 1. 0. 0. 0. 0. 1. 0. 0. 0. 0. 1. 1.][0. 0. 0. 1. 1. 0. 0. 0. 0. 0. 1. 0. 0. 1. 1. 1. 0. 0. 0. 0. 0.][0. 1. 0. 0.]
[0. 0. 0. 1. 0. 0. 1. 1. 1. 1. 0. 0. 0. 0. 0. 1. 0. 0. 0. 1. 0.][0. 1. 1. 0. 0. 0. 0. 0. 1. 0. 0. 0. 0. 0. 0. 0. 0. 0. 0. 1. 0.][0.64783823 0.         0.         0.35216177]
[0. 0. 0. 0. 0. 0. 0. 0. 0. 0. 0. 0. 0. 0. 0. 1. 0. 0. 0. 0. 0.][0. 0. 1. 1. 1. 1. 0. 0. 0. 0. 0. 0. 0. 1. 0. 1. 1. 0. 1. 1. 1.][0.         0.         0.35153259 0.64846741]
[0. 0. 0. 0. 0. 0. 0. 0. 0. 0. 0. 0. 0. 0. 0. 1. 0. 0. 0. 1. 0.][0. 1. 0. 0. 0. 1. 0. 1. 1. 0. 1. 1. 0. 0. 1. 1. 0. 1. 0. 0. 0.][0. 0. 0. 1.]
[0. 0. 0. 0. 0. 0. 0. 0. 1. 1. 0. 1. 0. 0. 0. 1. 0. 0. 0. 1. 0.][0. 0. 0. 1. 1. 1. 0. 0. 0. 0. 1. 0. 0. 0. 0. 0. 0. 0. 0. 1. 1.][0.37325133 0.         0.         0.62674867]
[0. 0. 0. 0. 0. 0. 0. 0. 0. 0. 0. 0. 0. 0. 0. 0. 0. 0. 1. 1. 0.][0. 1. 0. 0. 0. 1. 1. 1. 1. 0. 1. 1. 1. 0. 0. 0. 0. 0. 0. 0. 1.][0. 1. 0. 0.]
[0. 0. 0. 0. 0. 0. 0. 0. 0. 0. 0. 0. 0. 0. 0. 0. 0. 0. 1. 0. 0.][0. 0. 0. 1. 1. 1. 1. 0. 0. 1. 0. 0. 0. 0. 0. 0. 1. 1. 1. 1. 1.][1. 0. 0. 0.]
[0. 0. 0. 0. 0. 0. 0. 0. 0. 0. 0. 0. 0. 0. 0. 0. 0. 0. 1. 0. 0.][0. 0. 0. 0. 1. 1. 1. 1. 1. 1. 0. 0. 0. 0. 0. 0. 1. 1. 1. 1. 0.][0. 1. 0. 0.]
