10,2,500
[0. 0. 0. 1. 0. 1. 1. 0. 0. 1. 1. 0. 0. 1. 0. 0. 0. 0. 1. 0. 0.][1. 0. 0. 0. 0. 0. 0. 0. 0. 1. 0. 0. 1. 0. 0. 0. 1. 0. 0. 0. 0.][0.46319985 0.         0.53680015 0.        ]
[0. 0. 0. 0. 0. 0. 0. 0. 0. 0. 0. 0. 0. 1. 0. 0. 0. 0. 1. 0. 1.][1. 0. 0. 1. 0. 1. 0. 0. 0. 1. 0. 1. 1. 0. 0. 0. 1. 0. 1. 0. 0.][0. 0. 1. 0.]
[0. 0. 0. 0. 0. 0. 0. 1. 0. 0. 0. 0. 0. 1. 0. 0. 0. 1. 1. 1. 0.][0. 0. 1. 0. 1. 1. 0. 0. 1. 0. 0. 1. 0. 0. 0. 0. 1. 0. 0. 0. 0.][0.47340703 0.         0.52659297 0.        ]
[0. 0. 0. 0. 0. 0. 0. 0. 0. 0. 0. 0. 0. 1. 1. 0. 0. 1. 0. 0. 0.][0. 1. 0. 1. 1. 1. 0. 0. 1. 0. 0. 0. 0. 1. 1. 1. 0. 0. 0. 0. 0.][0.35018836 0.         0.64981164 0.        ]
[0. 0. 0. 1. 0. 0. 0. 1. 0. 1. 0. 0. 0. 0. 1. 0. 0. 0. 1. 1. 1.][0. 1. 0. 0. 0. 0. 0. 0. 0. 1. 0. 1. 0. 0. 0. 0. 1. 0. 0. 0. 0.][0.32438019 0.         0.33263111 0.3429887 ]
[0. 0. 0. 0. 0. 0. 1. 0. 0. 0. 0. 0. 0. 1. 1. 0. 0. 0. 1. 0. 1.][0. 0. 1. 1. 0. 0. 0. 0. 0. 1. 0. 1. 0. 0. 0. 1. 1. 0. 0. 0. 0.][0.59970563 0.         0.40029437 0.        ]
[0. 0. 0. 0. 0. 0. 0. 1. 0. 1. 0. 0. 0. 0. 1. 0. 0. 1. 1. 1. 0.][0. 0. 0. 0. 1. 1. 0. 0. 0. 0. 0. 0. 0. 0. 0. 1. 1. 0. 1. 0. 0.][1. 0. 0. 0.]
[0. 0. 0. 0. 0. 0. 0. 0. 0. 0. 1. 0. 0. 0. 0. 1. 0. 1. 1. 0. 0.][1. 0. 1. 1. 0. 0. 0. 0. 0. 1. 1. 1. 1. 0. 0. 0. 0. 0. 0. 0. 0.][0.         0.         0.47587733 0.52412267]
[0. 0. 0. 0. 0. 0. 0. 0. 0. 0. 0. 0. 0. 0. 0. 1. 0. 1. 0. 0. 0.][0. 0. 0. 0. 1. 0. 1. 1. 1. 0. 1. 1. 0. 0. 1. 0. 0. 1. 0. 0. 1.][1. 0. 0. 0.]
[1. 0. 0. 0. 0. 0. 0. 0. 0. 0. 0. 0. 0. 0. 0. 1. 0. 1. 0. 0. 0.][0. 0. 0. 0. 0. 1. 1. 0. 0. 1. 1. 0. 1. 0. 1. 1. 0. 0. 0. 0. 1.][0. 1. 0. 0.]
[1. 0. 0. 0. 0. 0. 0. 0. 0. 0. 1. 0. 0. 0. 0. 0. 0. 1. 0. 1. 0.][0. 0. 1. 0. 0. 1. 1. 1. 0. 0. 0. 0. 0. 1. 1. 0. 0. 0. 0. 0. 1.][0.36846521 0.35342671 0.27810808 0.        ]
