10,2,200
[0. 0. 0. 1. 1. 0. 1. 1. 0. 0. 1. 0. 0. 1. 0. 0. 0. 0. 1. 0. 0.][0. 0. 0. 0. 0. 0. 0. 0. 0. 1. 0. 0. 0. 0. 1. 1. 0. 0. 0. 0. 1.][0.6215244 0.        0.3784756 0.       ]
[0. 0. 0. 0. 0. 0. 0. 0. 1. 0. 0. 0. 0. 1. 0. 0. 0. 0. 1. 0. 0.][1. 0. 0. 1. 1. 0. 0. 0. 0. 1. 0. 1. 0. 1. 1. 0. 0. 0. 0. 1. 0.][1. 0. 0. 0.]
[0. 0. 0. 0. 0. 0. 0. 0. 1. 0. 0. 0. 0. 1. 1. 0. 0. 0. 1. 0. 0.][1. 1. 0. 0. 0. 1. 0. 0. 0. 0. 0. 0. 0. 1. 0. 1. 1. 1. 0. 0. 0.][0.         0.40628789 0.59371211 0.        ]
[0. 0. 0. 0. 0. 0. 0. 0. 0. 0. 0. 0. 0. 1. 1. 0. 0. 0. 0. 0. 0.][0. 1. 0. 1. 0. 1. 1. 0. 1. 0. 1. 0. 0. 0. 0. 1. 0. 0. 1. 1. 0.][0.30379295 0.37171423 0.32449282 0.        ]
[0. 0. 0. 0. 0. 0. 0. 1. 1. 0. 1. 0. 0. 1. 1. 0. 0. 0. 1. 0. 1.][0. 1. 0. 0. 0. 0. 0. 0. 0. 1. 0. 0. 0. 1. 0. 0. 0. 0. 1. 0. 0.][0.64839006 0.35160994 0.         0.        ]
[0. 0. 0. 0. 0. 0. 0. 0. 1. 0. 0. 0. 0. 1. 1. 0. 0. 0. 1. 0. 1.][1. 0. 0. 0. 0. 0. 0. 0. 0. 1. 1. 0. 0. 1. 0. 1. 0. 0. 1. 0. 0.][1. 0. 0. 0.]
[0. 0. 0. 0. 0. 0. 0. 0. 1. 0. 1. 0. 0. 1. 1. 0. 0. 0. 1. 0. 0.][0. 0. 0. 0. 0. 0. 1. 0. 0. 0. 0. 0. 0. 1. 0. 1. 1. 1. 1. 0. 0.][0.50690216 0.         0.49309784 0.        ]
[0. 0. 0. 0. 0. 0. 0. 0. 0. 0. 0. 0. 0. 0. 0. 1. 0. 1. 1. 1. 0.][1. 0. 1. 0. 1. 0. 0. 0. 0. 0. 1. 0. 1. 0. 1. 1. 0. 0. 0. 0. 0.][0.52577459 0.         0.         0.47422541]
[1. 0. 0. 0. 0. 0. 0. 0. 0. 0. 0. 0. 0. 0. 0. 1. 0. 1. 1. 0. 0.][0. 0. 0. 0. 0. 0. 1. 1. 1. 0. 1. 0. 1. 0. 1. 0. 0. 1. 0. 0. 0.][0.50231744 0.         0.49768256 0.        ]
[0. 0. 0. 0. 0. 0. 0. 0. 0. 0. 0. 0. 0. 0. 0. 1. 0. 1. 0. 0. 0.][0. 0. 0. 0. 0. 1. 1. 1. 1. 1. 1. 0. 1. 0. 0. 1. 0. 0. 0. 0. 1.][0. 0. 0. 1.]
