10,3,500
[0. 0. 0. 0. 0. 1. 0. 0. 0. 0. 0. 1. 0. 0. 0. 0. 1. 1. 0. 0. 0.][0. 1. 0. 0. 0. 0. 0. 1. 0. 1. 1. 0. 0. 0. 0. 1. 1. 1. 0. 0. 0.][0. 0. 1. 0.]
[0. 0. 0. 0. 0. 0. 0. 0. 0. 0. 0. 1. 0. 0. 0. 0. 1. 0. 0. 1. 0.][0. 1. 1. 0. 0. 0. 0. 1. 0. 1. 1. 1. 0. 0. 0. 1. 0. 1. 0. 0. 0.][0.         0.         0.70968261 0.29031739]
[0. 0. 0. 0. 0. 0. 0. 0. 1. 0. 0. 1. 0. 0. 0. 1. 1. 0. 0. 1. 0.][1. 0. 0. 1. 0. 1. 0. 0. 1. 0. 0. 0. 0. 0. 0. 0. 1. 1. 0. 0. 0.][0. 0. 1. 0.]
[0. 0. 0. 0. 0. 0. 0. 0. 0. 0. 0. 0. 1. 0. 0. 0. 0. 0. 0. 0. 1.][0. 1. 0. 1. 1. 1. 0. 0. 0. 0. 0. 1. 1. 1. 0. 1. 1. 0. 0. 0. 0.][0. 1. 0. 0.]
[0. 0. 0. 0. 0. 0. 0. 0. 0. 0. 0. 0. 1. 0. 0. 0. 1. 1. 0. 1. 1.][1. 0. 1. 0. 0. 0. 0. 1. 0. 0. 0. 0. 0. 0. 0. 0. 1. 1. 0. 0. 1.][0.        0.6404375 0.        0.3595625]
[0. 0. 0. 0. 0. 0. 0. 0. 0. 0. 0. 0. 1. 1. 0. 0. 1. 0. 0. 0. 0.][0. 1. 1. 0. 0. 0. 0. 1. 1. 1. 0. 1. 0. 0. 0. 0. 1. 0. 0. 0. 1.][0.         0.53687769 0.46312231 0.        ]
[0. 0. 0. 0. 0. 0. 0. 0. 1. 0. 0. 0. 1. 0. 0. 1. 1. 1. 0. 0. 0.][0. 0. 1. 1. 1. 1. 0. 0. 0. 0. 0. 0. 0. 0. 0. 0. 1. 0. 0. 0. 1.][0.         0.         0.55590721 0.44409279]
[0. 0. 0. 0. 0. 0. 0. 0. 0. 0. 0. 0. 0. 1. 0. 1. 1. 0. 0. 0. 0.][0. 0. 0. 1. 1. 1. 1. 1. 1. 0. 0. 0. 0. 0. 0. 0. 0. 0. 0. 1. 1.][0.43053078 0.         0.         0.56946922]
[0. 1. 1. 0. 0. 0. 0. 0. 0. 0. 1. 1. 1. 1. 1. 0. 0. 0. 0. 1. 0.][0. 0. 1. 0. 0. 0. 0. 0. 0. 0. 0. 0. 0. 0. 1. 0. 0. 0. 1. 0. 0.][0. 1. 0. 0.]
[0. 1. 0. 0. 0. 0. 0. 1. 0. 1. 1. 1. 0. 1. 1. 1. 1. 0. 0. 0. 0.][0. 0. 0. 0. 0. 0. 0. 0. 0. 0. 0. 0. 0. 0. 0. 1. 0. 0. 1. 0. 0.][0. 0. 1. 0.]
[1. 0. 0. 0. 0. 0. 1. 0. 0. 0. 0. 0. 0. 1. 0. 0. 0. 0. 1. 1. 0.][1. 1. 0. 0. 0. 0. 0. 0. 1. 0. 1. 0. 1. 0. 0. 0. 0. 0. 0. 0. 1.][0.30472117 0.         0.69527883 0.        ]
[1. 0. 0. 0. 0. 0. 1. 0. 0. 0. 0. 0. 0. 1. 0. 0. 0. 0. 1. 1. 0.][1. 1. 0. 0. 0. 0. 0. 0. 1. 0. 1. 0. 1. 0. 0. 0. 0. 0. 0. 0. 1.][0.30472117 0.         0.69527883 0.        ]
