10,3,500
[0. 0. 0. 1. 0. 0. 1. 1. 0. 0. 0. 1. 0. 0. 0. 0. 1. 1. 0. 0. 1.][0. 0. 0. 0. 0. 0. 0. 0. 0. 1. 1. 0. 0. 0. 1. 1. 0. 0. 0. 0. 0.][0. 1. 0. 0.]
[0. 0. 0. 0. 0. 0. 0. 0. 0. 0. 0. 1. 0. 0. 0. 0. 1. 1. 0. 1. 1.][1. 0. 0. 0. 0. 0. 1. 0. 0. 1. 1. 1. 0. 0. 1. 0. 0. 0. 0. 0. 0.][0. 0. 0. 1.]
[0. 0. 0. 0. 0. 0. 0. 1. 0. 0. 0. 1. 0. 0. 0. 0. 1. 1. 0. 1. 0.][0. 0. 0. 1. 1. 0. 0. 0. 0. 0. 0. 0. 1. 0. 1. 1. 0. 0. 0. 0. 1.][0.         0.58005215 0.         0.41994785]
[0. 0. 0. 1. 0. 0. 1. 0. 0. 0. 0. 0. 1. 0. 0. 0. 1. 1. 0. 0. 1.][0. 1. 1. 0. 0. 0. 0. 0. 0. 1. 0. 0. 0. 0. 1. 1. 0. 0. 0. 0. 0.][0.         0.33930079 0.         0.66069921]
[0. 0. 0. 0. 0. 0. 0. 0. 0. 0. 0. 1. 1. 0. 0. 1. 0. 0. 0. 0. 0.][0. 1. 0. 1. 1. 1. 0. 0. 0. 0. 0. 0. 1. 1. 0. 1. 1. 0. 0. 0. 0.][0.         0.38513316 0.         0.61486684]
[0. 0. 0. 0. 0. 0. 0. 0. 0. 0. 0. 1. 1. 0. 0. 0. 1. 0. 0. 0. 1.][1. 0. 1. 0. 0. 0. 1. 0. 1. 1. 1. 1. 0. 0. 0. 0. 0. 0. 0. 0. 0.][0. 0. 0. 1.]
[0. 0. 0. 0. 0. 0. 0. 1. 0. 0. 0. 0. 1. 0. 0. 0. 1. 1. 0. 1. 0.][0. 0. 0. 1. 1. 1. 0. 0. 0. 1. 0. 0. 0. 0. 0. 1. 0. 0. 0. 0. 1.][0.         0.47914416 0.         0.52085584]
[0. 0. 0. 0. 0. 0. 0. 0. 0. 0. 0. 0. 1. 1. 0. 1. 1. 0. 0. 1. 0.][1. 0. 1. 0. 0. 0. 1. 0. 1. 1. 0. 0. 0. 0. 0. 0. 1. 0. 0. 0. 0.][0. 1. 0. 0.]
[0. 1. 1. 1. 0. 0. 0. 0. 0. 0. 1. 1. 1. 0. 1. 0. 0. 0. 0. 1. 0.][0. 0. 0. 0. 0. 0. 1. 0. 0. 0. 0. 0. 0. 1. 0. 0. 1. 0. 0. 0. 0.][1. 0. 0. 0.]
[0. 1. 0. 0. 0. 0. 0. 0. 1. 1. 1. 1. 0. 1. 1. 1. 1. 0. 0. 0. 0.][0. 0. 0. 0. 0. 0. 0. 0. 0. 0. 0. 0. 0. 0. 0. 0. 0. 0. 1. 1. 0.][0.         0.         0.61824224 0.38175776]
[1. 0. 1. 0. 1. 0. 0. 0. 0. 0. 0. 0. 0. 0. 1. 0. 1. 0. 0. 0. 0.][0. 0. 0. 0. 0. 0. 1. 0. 0. 0. 0. 0. 0. 0. 1. 1. 0. 1. 1. 1. 0.][0.25828349 0.         0.         0.74171651]
[1. 0. 1. 0. 1. 0. 0. 0. 0. 0. 0. 0. 0. 0. 1. 0. 1. 0. 0. 0. 0.][0. 0. 0. 0. 0. 0. 1. 0. 0. 0. 0. 0. 0. 0. 1. 1. 0. 1. 1. 1. 0.][0.25828349 0.         0.         0.74171651]
[0. 0. 1. 1. 0. 1. 1. 0. 0. 0. 0. 0. 0. 0. 1. 0. 0. 0. 0. 0. 0.][0. 0. 0. 0. 0. 0. 0. 0. 0. 0. 0. 0. 0. 1. 1. 0. 1. 1. 1. 1. 0.][0.58233029 0.         0.41766971 0.        ]
[0. 0. 1. 1. 0. 1. 1. 0. 0. 0. 0. 0. 0. 0. 1. 0. 0. 0. 0. 0. 0.][0. 0. 0. 0. 0. 0. 0. 0. 0. 0. 0. 0. 0. 1. 1. 0. 1. 1. 1. 1. 0.][0.58233029 0.         0.41766971 0.        ]
