10,3,100
[0. 0. 0. 0. 0. 1. 0. 1. 0. 0. 1. 0. 0. 1. 1. 0. 0. 0. 1. 0. 1.][0. 0. 0. 0. 0. 0. 0. 1. 0. 0. 1. 1. 1. 0. 0. 0. 0. 0. 0. 0. 0.][0. 0. 1. 0.]
[0. 0. 0. 0. 0. 0. 0. 0. 0. 0. 1. 0. 0. 1. 1. 0. 0. 0. 1. 1. 1.][0. 0. 0. 0. 0. 0. 0. 1. 0. 1. 1. 0. 1. 1. 0. 0. 0. 0. 0. 0. 0.][0.         0.41988194 0.58011806 0.        ]
[0. 0. 0. 0. 0. 0. 1. 0. 0. 0. 1. 0. 0. 1. 1. 0. 0. 1. 1. 0. 1.][0. 0. 1. 1. 0. 0. 0. 0. 0. 0. 0. 1. 0. 1. 0. 0. 0. 0. 0. 0. 0.][0. 0. 1. 0.]
[0. 0. 0. 0. 0. 0. 0. 0. 0. 0. 0. 0. 0. 0. 1. 0. 0. 0. 0. 0. 0.][1. 0. 1. 1. 1. 1. 1. 0. 0. 0. 0. 0. 1. 0. 1. 1. 0. 0. 0. 0. 1.][0.32860857 0.         0.         0.67139143]
[0. 0. 0. 0. 0. 0. 1. 0. 0. 0. 1. 0. 0. 0. 1. 0. 0. 0. 1. 1. 0.][0. 1. 0. 0. 0. 1. 1. 1. 0. 0. 0. 1. 0. 0. 0. 0. 0. 0. 0. 0. 1.][0.         0.66093361 0.33906639 0.        ]
[0. 0. 0. 0. 0. 0. 0. 0. 0. 0. 0. 0. 0. 0. 1. 0. 0. 0. 1. 0. 0.][0. 1. 0. 0. 0. 1. 1. 1. 1. 0. 1. 1. 1. 0. 0. 0. 0. 1. 0. 0. 0.][0. 0. 1. 0.]
[0. 0. 0. 0. 0. 0. 0. 0. 0. 1. 1. 0. 0. 0. 1. 0. 0. 0. 1. 1. 0.][0. 0. 1. 1. 1. 1. 0. 0. 0. 0. 0. 1. 0. 0. 0. 0. 0. 0. 0. 0. 1.][0.54890724 0.45109276 0.         0.        ]
[0. 0. 0. 0. 0. 0. 0. 0. 0. 0. 0. 0. 0. 0. 0. 1. 0. 1. 1. 0. 0.][0. 0. 0. 0. 0. 1. 1. 1. 0. 1. 0. 0. 1. 0. 0. 1. 1. 1. 0. 0. 0.][0.         0.38579514 0.61420486 0.        ]
[1. 0. 0. 0. 0. 0. 0. 0. 0. 0. 0. 0. 0. 0. 0. 1. 0. 1. 0. 0. 0.][0. 0. 1. 1. 1. 1. 0. 1. 0. 0. 0. 0. 1. 0. 0. 0. 0. 0. 1. 0. 1.][0. 1. 0. 0.]
[0. 0. 0. 0. 0. 0. 0. 0. 0. 0. 0. 0. 0. 0. 0. 1. 0. 1. 0. 0. 0.][0. 0. 0. 1. 1. 1. 1. 1. 0. 1. 0. 0. 0. 1. 0. 0. 0. 1. 0. 1. 0.][0. 0. 0. 1.]
[1. 0. 0. 0. 0. 0. 0. 0. 0. 0. 0. 0. 0. 0. 0. 1. 0. 0. 0. 1. 0.][0. 1. 0. 0. 0. 0. 0. 0. 1. 0. 1. 0. 1. 1. 0. 1. 0. 0. 1. 0. 1.][1. 0. 0. 0.]
[0. 0. 0. 0. 0. 0. 0. 0. 0. 0. 0. 0. 0. 1. 0. 0. 0. 0. 1. 0. 0.][1. 0. 1. 1. 0. 0. 1. 0. 1. 0. 1. 0. 0. 1. 1. 1. 0. 0. 0. 0. 0.][0. 0. 0. 1.]
