10,3,200
[0. 0. 0. 0. 1. 1. 1. 1. 1. 0. 1. 0. 0. 1. 0. 0. 0. 0. 1. 1. 0.][0. 0. 0. 0. 0. 0. 0. 1. 0. 0. 0. 0. 0. 0. 0. 0. 1. 0. 0. 0. 0.][0.65848108 0.         0.34151892 0.        ]
[0. 0. 0. 0. 0. 0. 0. 0. 0. 0. 1. 0. 0. 1. 0. 0. 0. 0. 1. 0. 0.][1. 0. 1. 0. 0. 0. 0. 1. 0. 1. 0. 0. 0. 0. 1. 1. 1. 0. 0. 1. 0.][0. 1. 0. 0.]
[0. 0. 0. 0. 0. 0. 0. 1. 1. 0. 0. 0. 0. 1. 0. 0. 0. 0. 1. 1. 0.][0. 0. 0. 1. 0. 1. 0. 0. 0. 1. 0. 1. 1. 0. 0. 0. 1. 0. 0. 0. 0.][0.59912306 0.         0.40087694 0.        ]
[0. 0. 0. 0. 0. 0. 0. 0. 0. 0. 0. 0. 0. 0. 1. 0. 0. 0. 0. 0. 1.][0. 0. 1. 1. 1. 1. 0. 0. 0. 0. 0. 1. 1. 1. 0. 0. 1. 0. 0. 1. 0.][0.42310838 0.         0.29677474 0.28011689]
[0. 0. 0. 0. 0. 0. 0. 1. 0. 0. 1. 0. 0. 0. 1. 0. 0. 0. 1. 1. 1.][0. 0. 0. 0. 0. 0. 0. 1. 1. 1. 1. 0. 0. 0. 0. 0. 1. 0. 0. 0. 0.][1. 0. 0. 0.]
[0. 0. 0. 0. 0. 0. 0. 0. 0. 0. 0. 0. 0. 0. 1. 0. 0. 0. 1. 0. 0.][1. 1. 0. 0. 0. 0. 0. 1. 1. 1. 0. 1. 1. 0. 1. 0. 1. 0. 0. 0. 0.][0.59992455 0.         0.40007545 0.        ]
[0. 0. 0. 0. 0. 0. 1. 0. 1. 0. 1. 0. 0. 0. 1. 0. 0. 1. 1. 0. 0.][0. 0. 0. 1. 0. 1. 0. 0. 0. 0. 0. 1. 1. 0. 0. 0. 1. 0. 0. 0. 0.][1. 0. 0. 0.]
[0. 0. 0. 0. 0. 0. 0. 0. 0. 0. 0. 0. 0. 0. 0. 0. 0. 1. 1. 0. 0.][0. 1. 0. 0. 1. 0. 1. 1. 1. 1. 0. 0. 1. 1. 1. 0. 0. 0. 0. 0. 0.][0.         0.         0.69469415 0.30530585]
[0. 0. 0. 0. 0. 0. 0. 0. 0. 0. 0. 0. 0. 0. 0. 1. 0. 1. 1. 0. 0.][0. 0. 0. 0. 1. 1. 1. 0. 1. 0. 1. 0. 0. 0. 0. 0. 1. 0. 0. 1. 1.][0.         0.64106876 0.35893124 0.        ]
[1. 0. 0. 0. 0. 0. 0. 0. 0. 0. 0. 0. 0. 0. 0. 1. 1. 1. 0. 0. 1.][0. 0. 0. 1. 1. 0. 0. 1. 0. 1. 0. 0. 0. 0. 0. 0. 0. 1. 0. 0. 1.][0. 0. 0. 1.]
[0. 0. 1. 1. 0. 0. 0. 0. 0. 0. 0. 0. 0. 0. 0. 1. 1. 0. 1. 0. 0.][0. 0. 0. 0. 0. 0. 0. 0. 0. 0. 1. 1. 0. 0. 0. 1. 0. 1. 0. 1. 1.][0.        0.3607216 0.6392784 0.       ]
