10,3,1000
[0. 0. 0. 0. 0. 1. 1. 1. 0. 1. 1. 0. 0. 1. 0. 0. 0. 0. 1. 0. 0.][0. 0. 1. 0. 0. 0. 0. 0. 1. 0. 0. 0. 0. 0. 0. 1. 0. 1. 0. 0. 0.][0.48986747 0.51013253 0.         0.        ]
[0. 0. 0. 0. 0. 0. 0. 0. 0. 1. 0. 0. 0. 1. 0. 0. 0. 0. 1. 0. 0.][0. 0. 1. 0. 0. 0. 0. 1. 1. 1. 1. 1. 0. 0. 0. 1. 0. 1. 0. 0. 0.][0.32496839 0.67503161 0.         0.        ]
[0. 0. 0. 0. 0. 0. 0. 1. 0. 0. 1. 0. 0. 1. 0. 0. 0. 0. 1. 1. 0.][0. 0. 0. 1. 0. 0. 0. 0. 0. 1. 0. 0. 1. 0. 0. 0. 0. 1. 1. 0. 1.][0.4144241 0.        0.5855759 0.       ]
[0. 0. 0. 0. 0. 0. 0. 0. 0. 0. 0. 0. 0. 0. 1. 0. 0. 1. 0. 0. 0.][1. 0. 0. 1. 1. 1. 0. 0. 0. 0. 0. 0. 1. 0. 1. 1. 1. 1. 0. 0. 0.][0.52780762 0.         0.         0.47219238]
[0. 0. 0. 0. 0. 0. 0. 1. 0. 1. 0. 0. 0. 0. 1. 0. 0. 0. 1. 1. 1.][1. 0. 1. 0. 0. 0. 0. 0. 1. 0. 1. 0. 0. 0. 0. 0. 0. 1. 0. 0. 0.][1. 0. 0. 0.]
[0. 0. 0. 0. 0. 0. 0. 0. 0. 0. 0. 0. 0. 0. 1. 0. 0. 0. 1. 0. 1.][0. 1. 0. 0. 0. 0. 0. 1. 1. 0. 1. 1. 0. 0. 0. 1. 1. 1. 0. 0. 0.][0.45162291 0.54837709 0.         0.        ]
[0. 0. 0. 0. 0. 0. 0. 0. 0. 1. 0. 0. 0. 0. 1. 0. 0. 1. 1. 1. 0.][0. 0. 0. 1. 1. 1. 0. 0. 0. 0. 0. 0. 0. 0. 0. 0. 1. 1. 0. 1. 0.][0.30303292 0.         0.69696708 0.        ]
[0. 0. 0. 0. 0. 0. 0. 0. 0. 0. 0. 0. 0. 0. 0. 1. 0. 1. 1. 0. 0.][0. 0. 1. 0. 1. 0. 1. 1. 1. 1. 0. 1. 0. 1. 0. 0. 0. 0. 0. 0. 0.][0.47445963 0.52554037 0.         0.        ]
[1. 0. 0. 0. 0. 0. 0. 0. 0. 0. 0. 0. 0. 0. 0. 1. 0. 1. 0. 0. 0.][1. 0. 0. 0. 1. 1. 1. 0. 0. 1. 0. 0. 1. 0. 0. 0. 0. 1. 0. 0. 1.][0. 1. 0. 0.]
[0. 0. 0. 0. 0. 0. 0. 0. 0. 0. 0. 0. 0. 0. 0. 1. 0. 1. 0. 0. 0.][0. 0. 0. 1. 0. 0. 1. 0. 1. 1. 0. 0. 1. 1. 1. 1. 0. 0. 0. 0. 1.][1. 0. 0. 0.]
[1. 0. 0. 0. 0. 0. 0. 0. 0. 0. 0. 0. 0. 1. 0. 0. 0. 0. 0. 0. 0.][0. 1. 1. 0. 0. 0. 0. 1. 1. 0. 1. 1. 0. 0. 1. 1. 0. 0. 0. 0. 1.][0.48743571 0.         0.51256429 0.        ]
[1. 0. 1. 1. 1. 0. 0. 0. 0. 0. 0. 0. 0. 0. 0. 1. 1. 0. 1. 0. 0.][0. 0. 0. 0. 0. 0. 0. 0. 0. 0. 0. 0. 0. 1. 0. 0. 1. 0. 1. 1. 0.][0. 0. 0. 1.]
[1. 0. 1. 1. 1. 0. 0. 0. 0. 0. 0. 0. 0. 0. 0. 1. 1. 0. 1. 0. 0.][0. 0. 0. 0. 0. 0. 0. 0. 0. 0. 0. 0. 0. 1. 0. 0. 1. 0. 1. 1. 0.][0. 0. 0. 1.]
