10,3,50
[0. 0. 0. 0. 1. 0. 1. 0. 0. 0. 1. 0. 1. 0. 1. 0. 1. 0. 0. 0. 0.][0. 1. 0. 0. 0. 0. 1. 0. 0. 0. 0. 0. 0. 0. 0. 1. 0. 1. 1. 0. 0.][1. 0. 0. 0.]
[0. 0. 0. 0. 1. 0. 0. 0. 0. 0. 0. 1. 0. 1. 0. 0. 1. 0. 0. 0. 0.][1. 1. 1. 0. 1. 1. 0. 0. 1. 0. 0. 0. 0. 1. 0. 0. 0. 0. 0. 0. 0.][1. 0. 0. 0.]
[0. 0. 0. 0. 0. 0. 0. 1. 0. 1. 0. 1. 0. 0. 0. 0. 1. 0. 0. 0. 0.][0. 0. 1. 0. 0. 0. 0. 1. 1. 1. 0. 0. 0. 0. 0. 1. 1. 0. 1. 0. 0.][0. 0. 0. 1.]
[0. 0. 0. 0. 0. 0. 0. 0. 0. 0. 0. 0. 0. 0. 0. 0. 0. 1. 0. 0. 0.][0. 0. 0. 0. 0. 0. 1. 1. 1. 0. 1. 1. 0. 1. 1. 1. 0. 0. 0. 1. 1.][0.60482204 0.         0.         0.39517796]
[0. 0. 0. 0. 0. 0. 1. 1. 0. 1. 0. 1. 1. 0. 0. 0. 0. 1. 0. 0. 0.][0. 1. 0. 0. 0. 1. 0. 0. 0. 0. 0. 0. 0. 1. 1. 0. 0. 1. 0. 0. 0.][0. 0. 1. 0.]
[0. 0. 0. 0. 0. 0. 0. 0. 0. 0. 0. 0. 1. 0. 0. 0. 0. 1. 0. 0. 0.][1. 1. 0. 1. 1. 0. 1. 0. 0. 0. 1. 0. 1. 1. 0. 0. 0. 0. 1. 0. 0.][0. 0. 1. 0.]
[0. 0. 0. 0. 0. 0. 0. 1. 0. 0. 1. 0. 0. 0. 0. 0. 0. 1. 0. 0. 0.][0. 1. 0. 0. 0. 1. 0. 0. 1. 0. 0. 0. 1. 1. 0. 0. 0. 0. 1. 1. 1.][0.47580761 0.52419239 0.         0.        ]
[0. 0. 0. 0. 0. 0. 0. 0. 0. 1. 0. 1. 0. 1. 0. 0. 0. 0. 1. 1. 1.][1. 0. 0. 0. 1. 0. 0. 0. 0. 0. 0. 0. 0. 1. 0. 0. 1. 0. 0. 0. 1.][0. 1. 0. 0.]
[0. 0. 0. 0. 0. 0. 0. 0. 0. 0. 0. 0. 0. 0. 0. 0. 0. 0. 1. 1. 1.][0. 0. 0. 0. 1. 0. 1. 0. 1. 1. 0. 1. 0. 0. 1. 1. 0. 0. 0. 0. 1.][0. 0. 0. 1.]
[0. 0. 0. 0. 0. 0. 0. 0. 0. 0. 0. 0. 0. 0. 0. 0. 0. 0. 1. 1. 1.][0. 0. 0. 0. 1. 1. 0. 0. 1. 1. 0. 1. 0. 0. 0. 0. 0. 1. 0. 1. 1.][0.         0.41917326 0.         0.58082674]
[0. 0. 0. 0. 1. 0. 0. 1. 0. 0. 1. 0. 0. 0. 0. 0. 0. 0. 0. 0. 0.][1. 0. 1. 0. 1. 1. 1. 0. 1. 0. 1. 0. 0. 0. 0. 0. 0. 0. 0. 1. 0.][0.70280567 0.         0.29719433 0.        ]
