10,3,100
[0. 0. 0. 0. 1. 0. 1. 1. 0. 1. 1. 0. 0. 1. 1. 0. 0. 0. 1. 0. 0.][0. 0. 0. 1. 0. 0. 0. 0. 0. 0. 0. 0. 0. 0. 0. 0. 0. 1. 1. 0. 0.][0.26952395 0.73047605 0.         0.        ]
[0. 0. 0. 0. 0. 0. 0. 0. 0. 0. 1. 0. 0. 1. 1. 0. 0. 0. 1. 1. 0.][1. 0. 1. 1. 0. 0. 0. 0. 1. 0. 1. 0. 0. 0. 0. 0. 0. 0. 0. 1. 0.][1. 0. 0. 0.]
[0. 0. 0. 0. 0. 1. 0. 0. 0. 0. 1. 0. 0. 1. 1. 0. 0. 0. 1. 0. 0.][1. 0. 0. 0. 1. 0. 1. 0. 0. 0. 1. 0. 1. 0. 0. 1. 0. 0. 0. 0. 0.][0.30509133 0.69490867 0.         0.        ]
[0. 0. 0. 0. 0. 0. 0. 0. 0. 0. 0. 0. 0. 1. 1. 1. 0. 0. 0. 0. 0.][0. 1. 0. 0. 0. 1. 0. 1. 0. 1. 1. 0. 0. 1. 1. 1. 0. 0. 0. 0. 0.][0.         0.         0.57814317 0.42185683]
[0. 0. 0. 0. 1. 1. 0. 0. 0. 1. 1. 0. 0. 1. 1. 0. 0. 0. 1. 0. 0.][0. 1. 0. 1. 0. 0. 0. 0. 1. 0. 0. 1. 0. 0. 0. 0. 0. 0. 0. 0. 0.][0. 1. 0. 0.]
[0. 0. 0. 0. 0. 0. 0. 0. 0. 0. 0. 0. 0. 1. 1. 0. 0. 0. 1. 0. 0.][0. 0. 1. 0. 0. 0. 0. 1. 1. 1. 1. 1. 0. 0. 1. 1. 0. 0. 0. 0. 0.][0.         0.         0.54811925 0.45188075]
[0. 0. 0. 0. 0. 0. 0. 1. 0. 1. 0. 0. 0. 1. 1. 1. 0. 1. 1. 0. 0.][0. 0. 0. 1. 0. 1. 0. 0. 0. 0. 0. 0. 0. 0. 1. 0. 0. 0. 0. 1. 0.][0.         0.52422774 0.         0.47577226]
[0. 0. 0. 0. 0. 0. 0. 0. 0. 0. 0. 0. 0. 0. 0. 1. 0. 1. 1. 0. 1.][0. 0. 0. 1. 0. 0. 0. 0. 0. 0. 1. 0. 1. 1. 0. 0. 1. 1. 0. 0. 1.][0. 1. 0. 0.]
[0. 0. 0. 0. 0. 0. 0. 0. 0. 0. 0. 0. 0. 0. 0. 0. 0. 1. 0. 0. 0.][0. 0. 1. 0. 0. 1. 0. 1. 1. 1. 0. 1. 1. 0. 0. 1. 0. 0. 0. 1. 1.][1. 0. 0. 0.]
[0. 0. 0. 0. 0. 0. 0. 0. 0. 0. 0. 0. 0. 0. 0. 0. 0. 1. 0. 0. 0.][0. 0. 0. 0. 0. 1. 1. 1. 0. 0. 0. 0. 1. 1. 0. 1. 1. 1. 1. 1. 0.][1. 0. 0. 0.]
[0. 0. 0. 0. 0. 0. 0. 0. 0. 0. 0. 0. 0. 0. 0. 0. 0. 0. 0. 0. 1.][0. 0. 1. 1. 0. 0. 1. 0. 0. 0. 1. 0. 0. 1. 1. 0. 1. 1. 1. 1. 0.][0.         0.         0.39618591 0.60381409]
