10,3,50
[0. 0. 0. 0. 1. 1. 1. 0. 0. 0. 0. 1. 0. 0. 1. 1. 0. 0. 0. 1. 0.][0. 0. 0. 0. 0. 0. 1. 0. 0. 0. 1. 0. 0. 0. 1. 0. 1. 0. 0. 0. 0.][1. 0. 0. 0.]
[0. 0. 0. 0. 0. 0. 0. 0. 0. 0. 0. 0. 0. 0. 1. 1. 0. 0. 0. 1. 0.][0. 0. 1. 1. 0. 1. 0. 0. 0. 0. 1. 0. 1. 1. 1. 0. 1. 0. 0. 0. 0.][0.         0.52284441 0.47715559 0.        ]
[0. 0. 0. 0. 0. 0. 0. 0. 1. 0. 0. 0. 0. 0. 1. 1. 0. 0. 0. 1. 0.][0. 0. 1. 0. 1. 0. 0. 1. 1. 1. 0. 0. 0. 0. 0. 1. 1. 0. 0. 0. 0.][1. 0. 0. 0.]
[0. 0. 0. 0. 0. 0. 0. 0. 0. 0. 0. 0. 0. 0. 1. 1. 0. 0. 0. 0. 0.][0. 1. 0. 0. 1. 0. 1. 1. 0. 1. 0. 1. 1. 0. 0. 0. 0. 0. 0. 1. 1.][0.         0.31718362 0.35682196 0.32599442]
[0. 0. 0. 0. 0. 0. 0. 0. 0. 0. 0. 1. 0. 0. 0. 1. 0. 0. 0. 1. 0.][1. 1. 1. 0. 0. 0. 1. 0. 0. 1. 0. 0. 1. 1. 0. 0. 1. 0. 0. 0. 0.][1. 0. 0. 0.]
[0. 0. 0. 0. 0. 0. 0. 1. 0. 0. 0. 0. 0. 0. 0. 1. 0. 0. 0. 1. 0.][0. 0. 1. 0. 0. 0. 0. 0. 0. 1. 0. 0. 1. 1. 1. 1. 1. 0. 0. 1. 0.][0.49530811 0.         0.50469189 0.        ]
[0. 0. 0. 0. 1. 0. 0. 0. 0. 0. 0. 1. 0. 0. 1. 1. 0. 0. 0. 1. 0.][0. 0. 0. 0. 1. 0. 0. 1. 0. 1. 0. 0. 0. 0. 0. 1. 1. 0. 0. 1. 0.][0.57019694 0.         0.         0.42980306]
[0. 0. 0. 0. 0. 0. 0. 0. 0. 0. 0. 0. 0. 0. 0. 0. 0. 0. 1. 1. 1.][1. 0. 1. 0. 0. 0. 1. 1. 0. 0. 1. 0. 1. 1. 1. 0. 0. 0. 0. 0. 0.][0.         0.65548583 0.         0.34451417]
[1. 0. 0. 0. 0. 0. 0. 0. 0. 0. 0. 0. 0. 0. 0. 0. 0. 1. 1. 0. 0.][0. 0. 0. 0. 1. 0. 0. 1. 1. 0. 0. 1. 0. 1. 1. 0. 0. 0. 1. 1. 0.][0.31156134 0.         0.         0.68843866]
[1. 0. 0. 0. 0. 0. 0. 0. 0. 0. 0. 0. 0. 0. 0. 0. 0. 0. 1. 0. 0.][0. 0. 0. 1. 0. 1. 0. 1. 1. 1. 0. 0. 0. 1. 0. 0. 1. 0. 1. 1. 0.][0.36377257 0.         0.63622743 0.        ]
