10,3,500
[0. 0. 0. 1. 1. 0. 1. 0. 0. 1. 0. 0. 0. 1. 0. 0. 0. 0. 1. 0. 0.][0. 0. 0. 0. 0. 0. 0. 1. 1. 1. 0. 1. 1. 0. 0. 0. 0. 0. 0. 0. 0.][0.         0.47127323 0.52872677 0.        ]
[0. 0. 0. 0. 0. 0. 0. 0. 0. 0. 0. 0. 0. 1. 0. 0. 0. 0. 1. 0. 0.][0. 0. 1. 0. 0. 1. 0. 1. 1. 1. 1. 0. 0. 1. 1. 0. 0. 0. 0. 1. 0.][0.60604888 0.         0.39395112 0.        ]
[0. 0. 0. 0. 0. 0. 0. 1. 0. 0. 0. 0. 0. 1. 0. 0. 0. 0. 1. 1. 0.][1. 0. 1. 1. 1. 0. 0. 0. 0. 0. 0. 1. 1. 0. 1. 0. 0. 0. 0. 0. 0.][0. 1. 0. 0.]
[0. 0. 0. 0. 0. 0. 0. 0. 0. 0. 0. 0. 0. 0. 1. 1. 0. 0. 0. 0. 0.][1. 0. 0. 1. 1. 0. 1. 0. 0. 0. 0. 0. 1. 1. 0. 0. 1. 1. 0. 1. 0.][0.         0.38693017 0.         0.61306983]
[0. 0. 0. 0. 0. 0. 0. 1. 0. 1. 0. 0. 0. 0. 1. 0. 0. 0. 1. 1. 0.][1. 1. 0. 0. 0. 0. 0. 1. 1. 1. 0. 0. 1. 0. 0. 0. 0. 0. 0. 0. 0.][0.         0.67824697 0.32175303 0.        ]
[0. 0. 0. 0. 0. 0. 0. 0. 0. 0. 0. 0. 0. 0. 1. 0. 0. 0. 1. 0. 1.][0. 1. 1. 0. 0. 0. 0. 1. 1. 1. 0. 0. 1. 1. 1. 0. 0. 0. 0. 0. 0.][0.         0.57918193 0.         0.42081807]
[0. 0. 0. 0. 0. 0. 0. 1. 0. 1. 0. 0. 0. 0. 1. 0. 0. 0. 1. 1. 0.][0. 0. 0. 1. 1. 0. 0. 0. 0. 0. 0. 1. 1. 0. 0. 0. 1. 1. 0. 0. 0.][0. 1. 0. 0.]
[0. 0. 0. 0. 0. 0. 0. 0. 0. 0. 0. 0. 0. 0. 0. 1. 0. 1. 1. 0. 0.][0. 1. 1. 0. 0. 0. 1. 1. 1. 0. 0. 0. 0. 1. 1. 0. 0. 0. 1. 0. 0.][1. 0. 0. 0.]
[0. 0. 0. 0. 0. 0. 0. 0. 0. 0. 0. 0. 0. 0. 0. 1. 0. 1. 0. 0. 0.][0. 0. 0. 0. 0. 1. 1. 1. 1. 0. 0. 0. 0. 1. 1. 0. 0. 1. 1. 0. 1.][0. 0. 1. 0.]
[0. 0. 0. 0. 0. 0. 0. 0. 0. 0. 0. 0. 0. 0. 0. 1. 0. 1. 0. 0. 0.][0. 0. 0. 1. 0. 1. 1. 1. 1. 0. 0. 0. 1. 1. 0. 0. 0. 1. 0. 0. 1.][1. 0. 0. 0.]
[1. 0. 0. 1. 1. 0. 0. 0. 0. 0. 0. 0. 0. 0. 0. 0. 1. 0. 1. 0. 0.][0. 0. 0. 0. 0. 0. 0. 0. 0. 0. 1. 1. 0. 0. 0. 1. 0. 1. 0. 1. 1.][0. 0. 0. 1.]
