10,3,5000
[0. 0. 0. 0. 1. 1. 1. 0. 0. 1. 0. 1. 0. 0. 1. 0. 0. 0. 0. 1. 0.][0. 0. 0. 0. 0. 0. 0. 0. 0. 1. 0. 0. 0. 0. 1. 1. 0. 0. 0. 0. 1.][1. 0. 0. 0.]
[0. 0. 0. 0. 0. 0. 0. 0. 0. 1. 0. 0. 0. 0. 1. 0. 0. 0. 0. 1. 0.][0. 1. 1. 0. 0. 0. 0. 1. 0. 1. 1. 1. 0. 0. 1. 0. 0. 0. 0. 0. 1.][1. 0. 0. 0.]
[0. 0. 0. 0. 0. 0. 1. 0. 0. 1. 0. 1. 0. 0. 1. 0. 0. 0. 0. 1. 0.][0. 0. 0. 1. 1. 0. 0. 0. 0. 1. 0. 1. 0. 0. 1. 0. 0. 0. 0. 0. 1.][0.40060425 0.         0.59939575 0.        ]
[0. 0. 0. 0. 0. 0. 0. 0. 0. 0. 0. 0. 0. 0. 1. 1. 1. 0. 1. 0. 0.][1. 1. 0. 1. 1. 0. 0. 0. 0. 0. 0. 0. 1. 0. 1. 0. 0. 0. 1. 0. 0.][0. 1. 0. 0.]
[0. 0. 0. 1. 1. 0. 1. 0. 0. 1. 0. 1. 0. 0. 0. 1. 0. 0. 0. 1. 0.][1. 0. 1. 0. 0. 0. 0. 1. 0. 0. 0. 0. 0. 0. 1. 0. 0. 0. 0. 0. 0.][0.72369195 0.27630805 0.         0.        ]
[0. 0. 0. 0. 0. 0. 0. 0. 0. 0. 0. 0. 0. 0. 1. 1. 0. 0. 0. 1. 0.][0. 0. 1. 0. 0. 1. 0. 1. 0. 1. 0. 1. 1. 0. 1. 0. 0. 0. 1. 0. 0.][1. 0. 0. 0.]
[0. 0. 0. 0. 0. 0. 0. 0. 0. 1. 0. 1. 0. 0. 0. 1. 0. 0. 0. 1. 0.][0. 0. 0. 1. 1. 0. 0. 0. 0. 1. 0. 0. 0. 1. 1. 1. 1. 0. 0. 0. 0.][0.         0.46113399 0.         0.53886601]
[1. 0. 0. 0. 0. 0. 0. 0. 0. 0. 0. 0. 0. 0. 0. 0. 1. 0. 1. 1. 0.][0. 0. 1. 0. 0. 0. 1. 0. 1. 0. 0. 1. 1. 0. 0. 0. 0. 1. 0. 1. 0.][0.58499718 0.         0.         0.41500282]
[1. 0. 0. 0. 0. 0. 0. 0. 0. 0. 0. 0. 0. 0. 0. 0. 1. 0. 1. 0. 0.][0. 0. 0. 0. 0. 1. 1. 1. 1. 0. 0. 0. 1. 1. 0. 0. 0. 1. 0. 1. 0.][0. 0. 0. 1.]
[1. 0. 0. 0. 0. 0. 0. 0. 0. 0. 0. 0. 0. 0. 0. 0. 1. 0. 1. 0. 0.][0. 0. 1. 0. 1. 1. 0. 1. 1. 0. 0. 0. 1. 0. 0. 0. 0. 1. 0. 1. 0.][0. 0. 1. 0.]
[0. 0. 0. 0. 0. 0. 0. 0. 0. 0. 0. 0. 0. 0. 1. 0. 0. 0. 1. 1. 0.][1. 0. 0. 1. 1. 0. 0. 0. 0. 0. 0. 1. 1. 0. 1. 0. 0. 0. 1. 0. 1.][0. 0. 1. 0.]
