20,0,20
[0. 0. 0. 0. 0. 1. 0. 0. 0. 0. 1. 1. 1. 0. 1. 0. 0. 0. 0. 0. 0.][1. 0. 0. 1. 0. 0. 0. 0. 0. 0. 0. 1. 0. 1. 0. 0. 0. 0. 0. 1. 1.][0.42370978 0.         0.         0.57629022]
[0. 0. 0. 0. 0. 0. 0. 0. 0. 0. 0. 0. 0. 0. 1. 0. 0. 0. 0. 0. 0.][1. 0. 1. 0. 1. 0. 1. 0. 1. 0. 0. 1. 1. 1. 1. 0. 0. 0. 1. 0. 0.][1. 0. 0. 0.]
[0. 0. 0. 0. 0. 0. 0. 0. 0. 0. 0. 1. 0. 0. 1. 0. 0. 0. 0. 0. 0.][1. 0. 1. 0. 0. 0. 1. 1. 1. 0. 0. 0. 0. 0. 0. 1. 0. 0. 1. 1. 1.][1. 0. 0. 0.]
[0. 0. 0. 0. 0. 0. 0. 0. 0. 0. 0. 0. 0. 0. 0. 1. 1. 0. 0. 0. 0.][0. 0. 0. 0. 0. 0. 1. 1. 1. 1. 1. 0. 0. 0. 1. 0. 0. 0. 1. 1. 1.][0.51185287 0.         0.         0.48814713]
[0. 0. 0. 0. 1. 1. 1. 1. 0. 1. 0. 1. 0. 0. 0. 1. 0. 0. 0. 0. 0.][1. 0. 0. 0. 0. 0. 0. 0. 0. 0. 0. 0. 1. 1. 0. 0. 1. 0. 0. 0. 0.][1. 0. 0. 0.]
[0. 0. 0. 0. 0. 0. 0. 0. 0. 0. 0. 0. 0. 0. 0. 1. 0. 0. 0. 1. 1.][0. 1. 0. 1. 0. 0. 0. 0. 0. 0. 0. 1. 1. 1. 1. 0. 0. 1. 1. 0. 0.][0.         0.         0.51153202 0.48846798]
[0. 0. 0. 0. 0. 0. 0. 0. 0. 1. 1. 0. 0. 0. 0. 1. 0. 0. 0. 0. 0.][1. 0. 1. 0. 1. 0. 1. 0. 1. 1. 0. 0. 1. 0. 0. 0. 0. 0. 1. 0. 0.][1. 0. 0. 0.]
[0. 0. 0. 0. 0. 0. 0. 0. 0. 0. 0. 0. 0. 0. 0. 0. 0. 1. 0. 0. 1.][0. 1. 0. 0. 1. 1. 0. 0. 0. 0. 0. 1. 0. 0. 0. 0. 1. 1. 1. 1. 1.][0. 0. 0. 1.]
[0. 0. 0. 0. 0. 0. 0. 0. 0. 0. 0. 0. 0. 0. 0. 0. 0. 1. 1. 0. 0.][1. 0. 0. 0. 0. 0. 0. 0. 1. 0. 1. 1. 0. 1. 1. 1. 0. 1. 0. 1. 0.][0. 0. 0. 1.]
[0. 0. 0. 0. 0. 0. 0. 0. 0. 0. 0. 0. 0. 0. 0. 0. 0. 1. 0. 0. 1.][0. 0. 1. 0. 1. 0. 0. 0. 0. 0. 0. 1. 1. 1. 1. 1. 1. 0. 1. 0. 0.][0. 0. 1. 0.]
[0. 1. 0. 0. 0. 0. 0. 0. 1. 0. 0. 0. 1. 1. 0. 1. 0. 1. 1. 0. 0.][1. 0. 1. 0. 0. 0. 0. 0. 1. 0. 0. 0. 1. 0. 0. 0. 0. 0. 0. 0. 0.][0.         0.         0.46129041 0.53870959]
[0. 0. 0. 1. 0. 0. 0. 0. 0. 1. 0. 1. 0. 1. 0. 1. 0. 0. 1. 0. 0.][0. 1. 0. 1. 1. 1. 0. 0. 0. 0. 0. 0. 0. 0. 1. 0. 0. 0. 0. 0. 0.][0.         0.         0.61917592 0.38082408]
[0. 0. 0. 0. 0. 0. 0. 0. 0. 0. 0. 0. 0. 0. 1. 0. 0. 0. 0. 0. 0.][0. 1. 1. 1. 0. 1. 0. 1. 1. 1. 1. 0. 1. 0. 0. 0. 0. 0. 0. 1. 0.][1. 0. 0. 0.]
[0. 0. 0. 1. 0. 1. 0. 0. 0. 0. 0. 0. 0. 0. 1. 0. 0. 0. 0. 0. 0.][0. 0. 1. 0. 1. 0. 1. 0. 0. 1. 0. 1. 0. 1. 1. 0. 0. 0. 0. 0. 1.][0.49409579 0.         0.         0.50590421]
[1. 0. 0. 1. 1. 1. 1. 1. 0. 0. 0. 0. 0. 0. 0. 0. 0. 0. 0. 0. 1.][0. 0. 0. 1. 0. 1. 0. 1. 1. 0. 0. 0. 0. 0. 0. 0. 0. 0. 0. 0. 0.][0. 1. 0. 0.]
[0. 0. 0. 0. 0. 0. 0. 1. 0. 0. 1. 0. 0. 0. 0. 0. 0. 0. 0. 0. 0.][0. 1. 1. 0. 1. 1. 1. 0. 0. 1. 1. 0. 0. 0. 0. 0. 0. 1. 0. 0. 1.][0. 0. 0. 1.]
[1. 0. 0. 0. 1. 0. 1. 1. 0. 1. 1. 0. 0. 0. 0. 0. 0. 0. 0. 0. 0.][0. 0. 1. 0. 0. 0. 1. 0. 0. 0. 0. 0. 1. 1. 0. 0. 1. 0. 0. 0. 0.][1. 0. 0. 0.]
[1. 0. 0. 0. 0. 1. 0. 0. 0. 1. 1. 1. 0. 0. 0. 0. 0. 0. 0. 1. 1.][0. 0. 0. 1. 0. 0. 1. 0. 0. 0. 0. 0. 0. 0. 0. 0. 0. 1. 1. 0. 0.][1. 0. 0. 0.]
[1. 0. 1. 0. 1. 0. 0. 1. 0. 1. 1. 0. 0. 0. 0. 1. 0. 0. 0. 1. 0.][0. 0. 0. 0. 0. 0. 0. 0. 1. 0. 0. 0. 1. 0. 0. 0. 0. 0. 1. 0. 0.][0. 0. 1. 0.]
[1. 0. 0. 0. 0. 0. 0. 0. 0. 0. 1. 1. 0. 0. 0. 0. 1. 0. 0. 1. 0.][0. 1. 0. 1. 0. 1. 1. 0. 0. 0. 0. 0. 0. 0. 0. 0. 0. 1. 0. 1. 0.][0.70546548 0.         0.29453452 0.        ]
