20,0,5000
[0. 0. 0. 0. 1. 1. 1. 0. 0. 0. 0. 1. 0. 0. 0. 0. 1. 1. 1. 0. 1.][0. 0. 0. 0. 0. 0. 0. 0. 0. 1. 0. 1. 0. 1. 0. 0. 0. 0. 0. 0. 0.][1. 0. 0. 0.]
[0. 0. 0. 0. 0. 0. 0. 0. 0. 0. 0. 1. 0. 0. 0. 0. 1. 1. 0. 1. 0.][1. 1. 1. 0. 0. 0. 0. 1. 0. 1. 0. 1. 0. 1. 0. 0. 0. 0. 0. 0. 0.][1. 0. 0. 0.]
[0. 1. 0. 0. 0. 0. 0. 0. 1. 0. 0. 1. 0. 0. 0. 1. 1. 0. 0. 0. 1.][1. 0. 0. 1. 1. 0. 0. 0. 0. 0. 0. 0. 0. 1. 1. 0. 0. 0. 0. 0. 0.][1. 0. 0. 0.]
[0. 0. 0. 0. 0. 0. 0. 0. 0. 0. 0. 0. 1. 1. 0. 1. 0. 0. 0. 0. 1.][0. 0. 0. 1. 1. 0. 0. 0. 0. 0. 0. 0. 1. 1. 1. 0. 1. 1. 0. 0. 0.][1. 0. 0. 0.]
[0. 0. 0. 0. 0. 0. 0. 0. 1. 0. 0. 0. 1. 0. 0. 0. 1. 1. 1. 1. 1.][1. 0. 0. 0. 0. 0. 0. 0. 0. 1. 0. 1. 0. 1. 0. 0. 0. 0. 0. 0. 0.][1. 0. 0. 0.]
[0. 0. 0. 0. 0. 0. 0. 0. 0. 0. 0. 0. 1. 1. 0. 0. 1. 0. 0. 0. 0.][0. 1. 1. 0. 1. 0. 0. 1. 0. 1. 0. 1. 1. 1. 0. 0. 0. 0. 0. 0. 0.][1. 0. 0. 0.]
[0. 0. 0. 0. 0. 0. 1. 0. 1. 0. 0. 0. 1. 0. 0. 1. 1. 0. 1. 0. 0.][0. 0. 0. 1. 1. 0. 0. 0. 0. 0. 0. 0. 1. 1. 0. 0. 0. 0. 0. 1. 0.][1. 0. 0. 0.]
[0. 0. 0. 0. 0. 0. 0. 0. 0. 0. 0. 0. 0. 1. 1. 1. 1. 0. 0. 0. 1.][0. 0. 0. 0. 0. 1. 1. 0. 1. 0. 0. 0. 0. 0. 0. 1. 1. 1. 0. 0. 0.][0.         0.         0.67449752 0.32550248]
[1. 1. 1. 0. 0. 0. 0. 0. 0. 0. 1. 1. 1. 0. 1. 0. 0. 0. 0. 0. 0.][1. 0. 0. 0. 0. 0. 0. 1. 0. 0. 0. 0. 1. 0. 0. 1. 0. 0. 0. 0. 0.][0.55731213 0.         0.44268787 0.        ]
[0. 1. 0. 0. 0. 0. 0. 1. 0. 1. 1. 1. 0. 1. 1. 1. 1. 0. 0. 0. 0.][0. 0. 0. 0. 0. 0. 0. 0. 0. 0. 0. 0. 1. 0. 0. 0. 0. 0. 1. 0. 0.][0.62955454 0.         0.37044546 0.        ]
[0. 0. 1. 0. 0. 1. 1. 0. 0. 0. 1. 1. 1. 0. 1. 0. 0. 1. 0. 0. 0.][0. 0. 0. 0. 0. 0. 0. 0. 0. 0. 0. 0. 0. 0. 0. 1. 1. 1. 0. 0. 0.][0.47352479 0.         0.         0.52647521]
[1. 0. 0. 0. 1. 1. 1. 0. 0. 0. 0. 1. 0. 0. 0. 0. 0. 1. 1. 0. 0.][0. 0. 0. 0. 0. 0. 0. 0. 0. 1. 0. 1. 0. 1. 0. 0. 1. 0. 0. 0. 0.][1. 0. 0. 0.]
[1. 0. 0. 0. 0. 0. 0. 0. 0. 0. 0. 1. 0. 0. 0. 0. 0. 0. 0. 1. 0.][1. 1. 1. 0. 0. 0. 0. 1. 0. 1. 0. 1. 0. 1. 0. 0. 0. 1. 0. 0. 0.][1. 0. 0. 0.]
[1. 0. 0. 0. 0. 0. 0. 0. 1. 0. 0. 1. 0. 0. 0. 0. 0. 1. 0. 1. 0.][1. 1. 0. 1. 0. 0. 0. 0. 0. 0. 0. 0. 0. 1. 1. 0. 0. 1. 0. 0. 0.][1. 0. 0. 0.]
[1. 0. 0. 0. 0. 0. 0. 0. 0. 0. 0. 0. 0. 0. 0. 1. 0. 0. 0. 1. 0.][1. 0. 1. 0. 0. 1. 0. 1. 1. 0. 0. 0. 0. 0. 0. 1. 1. 1. 0. 0. 0.][1. 0. 0. 0.]
[1. 0. 0. 0. 0. 0. 1. 0. 0. 0. 0. 0. 0. 1. 0. 0. 0. 0. 0. 1. 0.][1. 1. 1. 0. 0. 0. 0. 0. 0. 0. 1. 0. 0. 0. 1. 0. 0. 0. 0. 1. 1.][0.71488962 0.         0.         0.28511038]
[1. 0. 0. 0. 0. 0. 0. 0. 0. 0. 0. 0. 0. 1. 1. 0. 0. 0. 0. 0. 0.][0. 0. 0. 0. 0. 0. 0. 1. 1. 0. 1. 0. 0. 0. 0. 0. 1. 1. 1. 1. 1.][0.47578393 0.         0.52421607 0.        ]
[1. 0. 1. 0. 0. 1. 1. 0. 0. 0. 0. 0. 0. 1. 0. 0. 0. 1. 1. 1. 0.][0. 0. 0. 0. 0. 0. 0. 0. 0. 0. 1. 0. 0. 0. 0. 0. 0. 0. 0. 1. 1.][1. 0. 0. 0.]
[1. 1. 1. 0. 0. 0. 0. 0. 0. 0. 0. 0. 0. 0. 1. 0. 1. 0. 0. 0. 0.][0. 0. 0. 0. 0. 0. 0. 1. 0. 0. 0. 0. 1. 0. 0. 1. 1. 1. 1. 0. 0.][1. 0. 0. 0.]
[1. 1. 1. 0. 0. 0. 0. 1. 0. 1. 0. 0. 1. 0. 0. 0. 1. 0. 1. 0. 0.][0. 0. 0. 0. 0. 0. 0. 1. 0. 0. 0. 0. 0. 0. 0. 0. 0. 1. 0. 1. 0.][1. 0. 0. 0.]
