20,0,100
[0. 0. 0. 0. 1. 0. 0. 0. 1. 0. 0. 1. 1. 0. 1. 0. 0. 0. 0. 1. 1.][0. 0. 0. 0. 1. 0. 0. 0. 0. 0. 0. 0. 0. 1. 0. 0. 0. 0. 1. 1. 0.][0. 0. 1. 0.]
[0. 0. 0. 0. 0. 0. 0. 0. 1. 0. 0. 1. 0. 0. 1. 0. 0. 0. 0. 1. 1.][0. 0. 0. 0. 0. 0. 0. 0. 0. 0. 1. 1. 1. 1. 0. 0. 0. 1. 1. 0. 0.][0.29426025 0.         0.70573975 0.        ]
[0. 0. 0. 0. 0. 0. 1. 0. 0. 0. 0. 0. 0. 0. 1. 0. 0. 0. 1. 1. 1.][0. 0. 0. 1. 0. 0. 1. 0. 0. 0. 0. 0. 0. 1. 0. 0. 0. 1. 1. 1. 0.][0. 0. 1. 0.]
[0. 0. 0. 0. 0. 0. 0. 0. 0. 0. 0. 0. 0. 0. 0. 1. 0. 0. 0. 0. 0.][1. 0. 1. 0. 1. 1. 0. 0. 1. 1. 0. 1. 0. 0. 0. 1. 0. 1. 0. 1. 0.][0. 1. 0. 0.]
[0. 0. 0. 0. 0. 0. 0. 0. 0. 0. 0. 0. 0. 0. 1. 1. 0. 0. 0. 1. 0.][1. 1. 0. 0. 1. 1. 0. 0. 0. 1. 0. 0. 1. 0. 0. 0. 0. 1. 1. 0. 0.][1. 0. 0. 0.]
[0. 0. 0. 1. 1. 0. 1. 0. 1. 0. 0. 1. 0. 0. 0. 1. 0. 0. 0. 1. 0.][0. 0. 1. 0. 0. 0. 0. 0. 0. 0. 0. 0. 1. 0. 0. 0. 0. 0. 1. 1. 0.][1. 0. 0. 0.]
[0. 0. 0. 1. 0. 0. 0. 0. 1. 1. 0. 1. 0. 0. 0. 1. 0. 0. 0. 1. 0.][0. 0. 0. 0. 0. 1. 0. 0. 0. 1. 0. 0. 0. 1. 0. 0. 0. 1. 0. 1. 0.][1. 0. 0. 0.]
[0. 0. 0. 0. 0. 0. 0. 0. 0. 0. 0. 1. 0. 0. 0. 0. 1. 1. 1. 1. 0.][0. 1. 1. 0. 1. 0. 1. 0. 0. 0. 0. 0. 0. 1. 1. 0. 0. 0. 0. 0. 0.][0.59457754 0.         0.40542246 0.        ]
[0. 0. 0. 0. 0. 0. 0. 0. 0. 0. 0. 0. 0. 0. 0. 0. 1. 1. 1. 0. 0.][0. 0. 0. 0. 0. 1. 0. 1. 1. 0. 0. 1. 0. 1. 1. 0. 1. 0. 0. 0. 1.][0. 0. 1. 0.]
[0. 0. 0. 0. 0. 0. 0. 0. 0. 0. 0. 0. 0. 0. 0. 0. 1. 1. 1. 0. 0.][0. 0. 0. 0. 0. 1. 0. 0. 1. 1. 0. 1. 0. 0. 1. 1. 1. 0. 0. 0. 1.][0. 0. 0. 1.]
[0. 1. 0. 0. 0. 0. 0. 0. 0. 0. 1. 0. 1. 1. 1. 0. 1. 1. 1. 1. 0.][0. 0. 0. 0. 1. 0. 0. 0. 0. 0. 0. 1. 0. 0. 0. 0. 0. 0. 0. 0. 0.][0.31477207 0.         0.         0.68522793]
[0. 0. 0. 0. 0. 0. 0. 0. 0. 0. 0. 0. 0. 0. 1. 0. 0. 0. 0. 1. 0.][0. 1. 1. 1. 1. 0. 1. 0. 0. 0. 1. 0. 0. 1. 0. 0. 0. 1. 1. 0. 0.][0.41053311 0.58946689 0.         0.        ]
[1. 0. 0. 1. 1. 0. 1. 0. 1. 0. 0. 0. 0. 0. 1. 0. 0. 0. 0. 0. 0.][0. 0. 0. 0. 0. 0. 1. 0. 1. 0. 0. 0. 0. 1. 0. 0. 0. 0. 1. 1. 0.][0. 0. 1. 0.]
[1. 0. 0. 0. 0. 0. 0. 0. 0. 0. 0. 0. 0. 0. 1. 0. 0. 0. 0. 0. 1.][0. 0. 0. 0. 1. 0. 0. 1. 0. 0. 0. 1. 1. 1. 0. 0. 0. 1. 0. 1. 1.][0.42362624 0.         0.57637376 0.        ]
[1. 0. 0. 1. 1. 0. 0. 0. 1. 0. 0. 0. 0. 0. 0. 1. 0. 0. 0. 0. 1.][0. 1. 0. 0. 0. 0. 0. 0. 0. 0. 0. 0. 1. 0. 0. 0. 0. 0. 1. 1. 1.][1. 0. 0. 0.]
[1. 0. 0. 1. 1. 0. 1. 0. 1. 1. 0. 1. 0. 0. 0. 0. 0. 0. 0. 0. 0.][0. 0. 0. 0. 0. 1. 0. 0. 0. 1. 0. 0. 0. 1. 0. 0. 0. 1. 0. 0. 0.][0.73013478 0.         0.26986522 0.        ]
[1. 0. 0. 0. 0. 0. 0. 0. 0. 0. 0. 1. 0. 0. 0. 0. 0. 0. 0. 0. 0.][0. 1. 0. 0. 0. 1. 0. 0. 1. 1. 0. 1. 0. 0. 1. 1. 1. 0. 0. 0. 1.][0. 0. 0. 1.]
[1. 0. 0. 0. 0. 0. 0. 1. 0. 0. 0. 1. 0. 0. 0. 0. 0. 1. 0. 0. 0.][0. 1. 0. 0. 0. 0. 0. 1. 1. 1. 0. 0. 0. 0. 0. 1. 1. 0. 0. 0. 1.][0.33305086 0.         0.         0.66694914]
[1. 0. 1. 1. 0. 1. 1. 0. 0. 0. 0. 1. 0. 1. 0. 0. 0. 1. 1. 0. 0.][0. 0. 0. 0. 0. 0. 0. 0. 0. 0. 0. 0. 0. 0. 0. 0. 1. 0. 0. 1. 0.][0. 0. 0. 1.]
[1. 0. 0. 0. 0. 0. 0. 0. 0. 0. 0. 0. 0. 0. 0. 0. 1. 1. 0. 0. 0.][0. 0. 0. 0. 0. 1. 0. 0. 0. 0. 0. 1. 1. 1. 1. 0. 1. 1. 1. 0. 0.][0. 1. 0. 0.]
