20,0,200
[0. 0. 0. 1. 1. 0. 1. 0. 1. 0. 0. 0. 0. 1. 1. 0. 0. 0. 1. 0. 0.][0. 0. 0. 0. 0. 0. 0. 0. 0. 0. 1. 0. 0. 1. 1. 1. 0. 0. 0. 0. 0.][0.33570092 0.66429908 0.         0.        ]
[0. 0. 0. 0. 0. 0. 0. 0. 0. 0. 0. 0. 0. 1. 1. 0. 0. 0. 1. 1. 1.][0. 1. 0. 1. 0. 0. 0. 0. 0. 0. 1. 0. 1. 1. 0. 0. 0. 0. 1. 0. 0.][1. 0. 0. 0.]
[0. 0. 0. 0. 0. 0. 0. 0. 0. 0. 0. 0. 0. 1. 0. 0. 0. 0. 1. 1. 1.][0. 0. 0. 0. 1. 0. 1. 1. 0. 0. 0. 0. 0. 1. 1. 1. 0. 0. 0. 0. 1.][0. 1. 0. 0.]
[0. 0. 0. 0. 0. 0. 0. 0. 0. 0. 0. 0. 0. 0. 1. 0. 0. 0. 0. 0. 0.][1. 1. 0. 1. 0. 1. 1. 1. 0. 0. 0. 0. 0. 0. 0. 1. 0. 1. 1. 1. 0.][0. 0. 0. 1.]
[0. 0. 0. 0. 0. 1. 1. 0. 0. 0. 1. 0. 0. 0. 1. 0. 0. 0. 1. 1. 0.][1. 0. 0. 0. 0. 0. 0. 0. 0. 0. 1. 0. 1. 0. 1. 1. 0. 0. 0. 0. 0.][0. 0. 1. 0.]
[0. 0. 0. 0. 0. 0. 0. 1. 0. 0. 0. 0. 0. 0. 1. 0. 0. 0. 1. 0. 1.][0. 1. 1. 1. 0. 0. 0. 0. 0. 0. 1. 0. 1. 0. 0. 1. 0. 0. 1. 0. 0.][1. 0. 0. 0.]
[0. 1. 0. 0. 0. 0. 0. 0. 1. 0. 0. 0. 0. 0. 1. 0. 0. 1. 1. 0. 0.][0. 0. 0. 0. 0. 1. 1. 1. 0. 0. 0. 0. 1. 0. 1. 1. 0. 0. 0. 0. 0.][0.         0.43267144 0.56732856 0.        ]
[0. 0. 0. 0. 0. 0. 0. 0. 0. 0. 0. 0. 0. 0. 0. 1. 0. 1. 1. 0. 0.][0. 0. 1. 1. 1. 0. 0. 0. 0. 1. 1. 1. 0. 0. 0. 1. 0. 0. 1. 0. 0.][0.49793832 0.         0.50206168 0.        ]
[1. 0. 0. 0. 0. 0. 0. 0. 0. 0. 0. 0. 0. 0. 0. 1. 0. 1. 1. 0. 0.][1. 0. 0. 0. 0. 0. 0. 0. 1. 1. 1. 0. 1. 0. 0. 0. 0. 0. 1. 1. 0.][0. 0. 0. 1.]
[0. 0. 0. 0. 0. 0. 0. 0. 0. 0. 0. 0. 0. 0. 0. 1. 0. 1. 0. 0. 0.][0. 0. 0. 0. 0. 0. 1. 0. 1. 1. 1. 1. 0. 0. 1. 1. 0. 0. 1. 1. 0.][1. 0. 0. 0.]
[0. 0. 1. 0. 1. 1. 0. 1. 0. 0. 0. 0. 1. 1. 0. 1. 0. 1. 0. 0. 0.][0. 0. 1. 0. 0. 1. 0. 0. 0. 0. 0. 0. 0. 0. 0. 0. 0. 1. 0. 0. 0.][0.41608815 0.         0.58391185 0.        ]
[0. 0. 0. 0. 0. 0. 0. 0. 0. 0. 0. 0. 0. 1. 0. 0. 0. 1. 1. 0. 0.][0. 1. 1. 1. 1. 0. 1. 1. 0. 0. 0. 1. 0. 0. 1. 0. 0. 0. 0. 0. 0.][0. 1. 0. 0.]
[1. 0. 0. 0. 0. 0. 0. 0. 1. 0. 0. 0. 0. 1. 0. 0. 0. 0. 0. 0. 1.][0. 1. 0. 1. 1. 0. 0. 0. 0. 0. 1. 0. 1. 1. 0. 0. 0. 0. 1. 0. 0.][0.28793934 0.71206066 0.         0.        ]
[1. 0. 0. 0. 0. 1. 1. 0. 1. 0. 1. 0. 0. 0. 0. 0. 0. 0. 0. 1. 1.][0. 0. 1. 0. 1. 0. 1. 1. 0. 0. 0. 0. 0. 0. 0. 0. 0. 0. 0. 0. 0.][0.53475121 0.46524879 0.         0.        ]
[1. 0. 0. 0. 0. 0. 0. 1. 1. 0. 0. 0. 0. 0. 1. 0. 0. 0. 0. 0. 0.][0. 1. 0. 1. 0. 1. 1. 1. 0. 0. 0. 0. 0. 0. 0. 0. 0. 1. 1. 0. 0.][0. 0. 0. 1.]
[1. 0. 0. 0. 1. 1. 1. 0. 0. 0. 1. 0. 0. 0. 0. 0. 0. 0. 0. 1. 0.][0. 1. 0. 0. 0. 0. 0. 0. 0. 0. 1. 0. 1. 0. 1. 1. 0. 0. 0. 0. 0.][0. 1. 0. 0.]
[1. 0. 0. 0. 0. 0. 0. 1. 0. 0. 0. 0. 0. 0. 0. 0. 0. 0. 0. 0. 1.][0. 1. 1. 1. 1. 0. 0. 0. 0. 0. 1. 0. 1. 0. 0. 0. 0. 1. 1. 0. 0.][0.         0.36793366 0.35402204 0.2780443 ]
[0. 1. 1. 1. 1. 0. 0. 0. 0. 0. 0. 0. 0. 0. 0. 1. 0. 0. 1. 0. 0.][0. 0. 0. 0. 0. 1. 0. 0. 0. 0. 0. 0. 0. 0. 1. 0. 1. 1. 1. 0. 0.][0. 0. 1. 0.]
[1. 0. 1. 1. 0. 1. 1. 1. 0. 0. 0. 0. 1. 1. 0. 0. 0. 0. 0. 0. 0.][0. 0. 0. 0. 0. 0. 0. 0. 0. 0. 0. 0. 0. 0. 1. 1. 1. 0. 0. 0. 0.][0.         0.48469075 0.51530925 0.        ]
[1. 1. 1. 1. 1. 1. 0. 0. 1. 1. 1. 0. 0. 0. 0. 0. 0. 0. 1. 0. 0.][0. 0. 1. 0. 0. 0. 0. 0. 0. 0. 0. 0. 0. 0. 0. 0. 0. 0. 0. 0. 0.][0.37498741 0.62501259 0.         0.        ]
