20,0,1000
[0. 0. 0. 1. 1. 1. 0. 1. 0. 1. 0. 0. 0. 1. 0. 0. 0. 0. 1. 0. 0.][0. 0. 0. 0. 0. 0. 0. 0. 0. 1. 1. 0. 0. 1. 1. 0. 0. 0. 0. 0. 0.][1. 0. 0. 0.]
[0. 0. 0. 0. 0. 0. 0. 0. 0. 0. 0. 0. 0. 1. 0. 0. 0. 0. 1. 0. 0.][0. 1. 0. 1. 0. 0. 0. 1. 0. 1. 1. 1. 1. 1. 0. 0. 0. 0. 1. 0. 0.][0.        0.        0.3831229 0.6168771]
[0. 0. 0. 0. 0. 0. 0. 1. 0. 1. 0. 0. 0. 1. 0. 0. 0. 1. 1. 1. 0.][0. 0. 1. 0. 0. 0. 0. 0. 0. 0. 0. 1. 0. 1. 1. 0. 1. 0. 0. 0. 0.][0.58630849 0.         0.         0.41369151]
[0. 0. 0. 0. 0. 0. 0. 0. 0. 0. 0. 0. 0. 0. 1. 1. 0. 1. 0. 0. 0.][1. 0. 0. 1. 0. 1. 1. 0. 0. 0. 0. 1. 1. 0. 1. 0. 1. 0. 0. 0. 0.][0.         0.49429907 0.50570093 0.        ]
[0. 0. 0. 0. 0. 0. 0. 1. 0. 1. 1. 0. 0. 0. 1. 0. 0. 0. 1. 1. 1.][1. 0. 0. 1. 0. 0. 0. 0. 1. 0. 0. 0. 0. 0. 1. 0. 0. 0. 0. 0. 0.][0.         0.40531081 0.59468919 0.        ]
[0. 0. 0. 0. 0. 0. 0. 0. 0. 0. 0. 0. 0. 0. 1. 0. 0. 0. 1. 0. 0.][0. 1. 0. 1. 0. 1. 0. 0. 1. 1. 0. 1. 1. 0. 1. 0. 1. 0. 0. 0. 0.][0.         0.43032136 0.56967864 0.        ]
[0. 1. 0. 0. 0. 0. 0. 1. 0. 1. 0. 0. 0. 0. 1. 0. 0. 0. 1. 1. 0.][0. 0. 1. 0. 0. 1. 0. 0. 1. 0. 0. 1. 0. 0. 1. 0. 0. 0. 0. 0. 0.][0.         0.42868295 0.57131705 0.        ]
[0. 0. 0. 0. 0. 0. 0. 0. 0. 0. 0. 0. 0. 0. 0. 1. 0. 1. 1. 0. 0.][0. 0. 0. 1. 1. 0. 0. 1. 1. 1. 0. 1. 1. 0. 0. 0. 0. 0. 1. 0. 0.][0. 0. 0. 1.]
[1. 0. 0. 0. 0. 0. 0. 0. 0. 0. 0. 0. 0. 0. 0. 1. 0. 1. 0. 0. 0.][0. 0. 0. 0. 1. 1. 1. 1. 0. 1. 0. 0. 0. 0. 0. 1. 0. 0. 1. 1. 0.][0.         0.29126302 0.70873698 0.        ]
[1. 0. 0. 0. 0. 0. 0. 0. 0. 0. 0. 0. 0. 0. 0. 1. 0. 1. 0. 0. 0.][0. 0. 0. 0. 1. 0. 1. 1. 0. 1. 1. 1. 1. 0. 0. 0. 0. 0. 1. 0. 0.][0.         0.64711901 0.35288099 0.        ]
[0. 0. 1. 1. 0. 0. 1. 0. 0. 0. 0. 0. 1. 1. 1. 1. 1. 0. 0. 0. 0.][0. 0. 0. 0. 0. 0. 0. 0. 0. 0. 0. 1. 0. 0. 0. 1. 0. 0. 1. 0. 0.][0.         0.         0.44431771 0.55568229]
[0. 0. 0. 0. 0. 0. 0. 0. 0. 0. 0. 0. 0. 1. 0. 0. 0. 1. 1. 0. 0.][1. 0. 1. 0. 0. 1. 0. 0. 0. 0. 0. 1. 1. 1. 1. 0. 1. 0. 0. 0. 0.][0.         0.44863565 0.55136435 0.        ]
[1. 0. 0. 0. 0. 0. 0. 0. 0. 0. 0. 0. 0. 1. 0. 0. 0. 0. 0. 0. 1.][0. 1. 0. 1. 0. 0. 0. 0. 0. 1. 1. 1. 1. 1. 0. 0. 1. 0. 0. 0. 0.][0.         0.54258096 0.45741904 0.        ]
[1. 0. 0. 0. 0. 1. 0. 1. 0. 0. 0. 0. 0. 0. 1. 0. 0. 0. 0. 0. 0.][0. 1. 0. 0. 0. 1. 0. 0. 0. 0. 0. 1. 1. 0. 0. 1. 1. 0. 1. 0. 0.][0. 0. 0. 1.]
[1. 0. 0. 1. 1. 0. 1. 0. 0. 1. 0. 0. 1. 1. 1. 0. 1. 0. 0. 0. 0.][0. 0. 0. 0. 0. 0. 0. 0. 0. 0. 0. 0. 0. 1. 0. 0. 0. 1. 0. 0. 0.][0.         0.         0.51201343 0.48798657]
[1. 0. 1. 0. 1. 1. 0. 0. 0. 0. 0. 0. 0. 0. 0. 0. 1. 0. 1. 0. 0.][0. 0. 0. 0. 0. 0. 0. 0. 0. 0. 0. 0. 1. 1. 0. 0. 0. 1. 0. 1. 1.][0. 0. 0. 1.]
[1. 0. 0. 0. 0. 0. 0. 0. 0. 0. 0. 0. 0. 0. 0. 1. 1. 0. 0. 0. 0.][0. 0. 0. 0. 0. 0. 0. 1. 1. 1. 1. 1. 0. 0. 0. 0. 0. 0. 1. 1. 1.][0.3919451 0.        0.        0.6080549]
[1. 0. 1. 0. 1. 0. 1. 0. 0. 0. 1. 0. 0. 0. 0. 1. 1. 0. 0. 0. 0.][0. 0. 0. 0. 0. 0. 0. 0. 0. 1. 1. 0. 0. 0. 0. 0. 0. 0. 0. 1. 1.][1. 0. 0. 0.]
[1. 0. 1. 1. 1. 0. 1. 1. 0. 0. 0. 0. 1. 0. 1. 0. 0. 0. 0. 0. 0.][0. 0. 0. 0. 0. 0. 0. 0. 0. 0. 0. 0. 0. 1. 1. 0. 0. 1. 0. 0. 0.][0.         0.         0.32264706 0.67735294]
[0. 0. 0. 1. 1. 1. 1. 1. 1. 0. 1. 1. 0. 0. 0. 0. 0. 0. 0. 0. 0.][1. 0. 0. 0. 0. 0. 0. 0. 0. 0. 0. 0. 0. 0. 0. 0. 1. 1. 0. 0. 0.][0. 0. 1. 0.]
