20,0,50
[0. 0. 0. 1. 1. 0. 0. 0. 0. 0. 0. 0. 1. 0. 0. 0. 0. 1. 1. 0. 0.][1. 0. 0. 1. 0. 0. 0. 0. 0. 0. 1. 1. 0. 0. 0. 1. 0. 0. 0. 0. 1.][1. 0. 0. 0.]
[0. 0. 0. 0. 0. 0. 0. 0. 0. 0. 0. 0. 1. 1. 0. 0. 0. 1. 0. 0. 1.][1. 0. 1. 0. 0. 0. 0. 1. 0. 1. 1. 0. 0. 0. 1. 0. 0. 1. 0. 0. 0.][0.65359885 0.         0.34640115 0.        ]
[0. 0. 0. 0. 0. 0. 0. 1. 0. 1. 0. 0. 1. 1. 0. 0. 0. 1. 0. 0. 0.][0. 0. 0. 1. 1. 0. 0. 0. 0. 1. 0. 1. 1. 0. 0. 0. 0. 0. 0. 0. 1.][0.52588466 0.47411534 0.         0.        ]
[0. 0. 0. 0. 0. 0. 0. 0. 0. 0. 0. 0. 0. 1. 1. 0. 0. 0. 0. 0. 0.][1. 1. 0. 1. 0. 1. 1. 0. 0. 0. 0. 0. 0. 1. 0. 0. 1. 1. 0. 0. 1.][0. 1. 0. 0.]
[0. 0. 0. 0. 0. 0. 0. 1. 0. 1. 0. 0. 0. 1. 0. 0. 0. 1. 1. 1. 0.][0. 0. 0. 0. 0. 0. 0. 0. 0. 1. 1. 0. 0. 0. 1. 1. 0. 0. 0. 0. 1.][1. 0. 0. 0.]
[0. 0. 0. 0. 0. 0. 0. 0. 0. 0. 0. 0. 0. 1. 1. 0. 0. 1. 0. 0. 1.][0. 1. 0. 0. 0. 0. 0. 1. 0. 1. 1. 0. 1. 0. 0. 1. 0. 0. 0. 0. 1.][0. 1. 0. 0.]
[0. 0. 0. 0. 0. 1. 0. 1. 0. 0. 0. 0. 0. 1. 0. 0. 0. 1. 1. 0. 1.][0. 0. 0. 0. 0. 1. 1. 0. 0. 0. 1. 0. 1. 0. 0. 0. 0. 0. 0. 0. 1.][1. 0. 0. 0.]
[0. 0. 0. 0. 0. 0. 0. 0. 0. 0. 0. 0. 0. 0. 0. 0. 1. 1. 0. 0. 0.][1. 0. 1. 0. 0. 0. 1. 1. 0. 1. 1. 0. 1. 1. 0. 0. 0. 0. 0. 0. 1.][0.38833917 0.         0.         0.61166083]
[0. 0. 0. 0. 0. 0. 0. 0. 0. 0. 0. 0. 0. 0. 0. 1. 1. 0. 0. 0. 0.][0. 0. 0. 0. 0. 0. 1. 0. 1. 1. 1. 0. 1. 1. 1. 0. 1. 1. 0. 0. 0.][0.4459563 0.        0.5540437 0.       ]
[0. 0. 0. 1. 0. 0. 1. 0. 0. 0. 0. 1. 0. 1. 1. 1. 0. 0. 0. 1. 0.][0. 0. 0. 0. 0. 0. 0. 0. 0. 0. 0. 0. 0. 1. 0. 0. 0. 1. 1. 1. 0.][0. 0. 1. 0.]
[0. 1. 0. 0. 0. 0. 0. 0. 1. 0. 1. 1. 1. 1. 1. 1. 0. 1. 0. 0. 0.][0. 0. 0. 0. 0. 0. 0. 0. 0. 0. 0. 0. 0. 0. 1. 1. 0. 0. 0. 0. 0.][0.34844438 0.         0.         0.65155562]
[0. 0. 0. 0. 0. 0. 0. 0. 0. 0. 0. 0. 1. 0. 0. 0. 1. 1. 0. 0. 0.][0. 0. 0. 1. 1. 0. 0. 1. 1. 0. 0. 1. 1. 0. 0. 0. 0. 0. 1. 1. 0.][0.        0.4698301 0.5301699 0.       ]
[1. 0. 1. 1. 1. 0. 0. 0. 0. 0. 0. 0. 1. 0. 0. 0. 0. 0. 1. 0. 1.][0. 0. 0. 0. 0. 0. 0. 0. 0. 0. 1. 0. 0. 0. 1. 0. 1. 0. 0. 0. 1.][1. 0. 0. 0.]
[1. 0. 0. 0. 0. 0. 0. 0. 0. 1. 0. 0. 1. 0. 0. 0. 0. 0. 0. 0. 1.][1. 0. 1. 0. 0. 0. 0. 0. 0. 1. 1. 0. 0. 1. 1. 0. 0. 1. 0. 0. 0.][0.32011361 0.         0.32692899 0.3529574 ]
[1. 0. 0. 0. 1. 1. 0. 1. 0. 1. 0. 0. 1. 0. 0. 0. 0. 0. 0. 0. 0.][0. 0. 0. 0. 1. 0. 0. 1. 0. 0. 0. 1. 0. 0. 0. 1. 0. 0. 0. 0. 1.][1. 0. 0. 0.]
[1. 0. 0. 0. 0. 0. 0. 0. 0. 0. 0. 0. 0. 0. 0. 0. 1. 0. 1. 1. 0.][1. 0. 1. 0. 0. 0. 0. 0. 0. 1. 1. 0. 1. 1. 1. 0. 0. 0. 0. 0. 0.][0. 0. 0. 1.]
[1. 0. 1. 1. 0. 1. 1. 0. 0. 0. 0. 1. 0. 0. 0. 1. 0. 0. 1. 1. 0.][0. 0. 0. 0. 0. 0. 0. 0. 0. 1. 0. 0. 0. 0. 0. 1. 0. 0. 0. 0. 0.][0.30127419 0.         0.35491498 0.34381083]
[1. 0. 1. 0. 1. 0. 1. 0. 0. 0. 0. 0. 0. 0. 0. 1. 0. 1. 0. 0. 0.][0. 0. 0. 0. 0. 0. 0. 0. 0. 0. 1. 0. 0. 1. 0. 1. 0. 0. 1. 1. 0.][1. 0. 0. 0.]
[1. 0. 0. 1. 0. 0. 1. 0. 0. 0. 0. 0. 0. 0. 1. 1. 0. 0. 0. 1. 1.][0. 0. 0. 0. 0. 0. 0. 0. 0. 0. 0. 0. 0. 1. 1. 0. 0. 1. 0. 0. 1.][0.         0.53045566 0.46954434 0.        ]
[1. 1. 1. 1. 1. 0. 0. 0. 0. 0. 0. 0. 0. 0. 0. 0. 0. 1. 0. 0. 0.][0. 0. 1. 0. 0. 0. 0. 0. 0. 0. 0. 1. 0. 1. 0. 0. 0. 1. 1. 0. 0.][0.         0.27777616 0.41587011 0.30635373]
