20,1,50
[0. 0. 0. 0. 0. 1. 1. 1. 0. 1. 0. 0. 1. 0. 0. 0. 0. 1. 1. 0. 0.][0. 0. 0. 0. 0. 0. 0. 0. 0. 0. 0. 1. 0. 1. 0. 0. 0. 1. 0. 0. 1.][0. 0. 1. 0.]
[0. 0. 0. 0. 0. 0. 0. 0. 0. 0. 0. 0. 1. 1. 0. 0. 0. 1. 1. 0. 1.][0. 0. 1. 0. 0. 1. 0. 0. 0. 0. 1. 0. 0. 1. 0. 0. 1. 0. 0. 1. 0.][0.40921593 0.         0.59078407 0.        ]
[0. 0. 0. 0. 0. 0. 1. 1. 0. 0. 0. 0. 1. 0. 0. 0. 0. 1. 0. 0. 0.][0. 0. 1. 1. 1. 0. 1. 0. 0. 0. 0. 0. 0. 0. 0. 0. 1. 1. 0. 0. 1.][0.58857703 0.         0.41142297 0.        ]
[0. 0. 0. 0. 0. 0. 0. 0. 0. 0. 0. 0. 0. 1. 0. 0. 1. 0. 0. 0. 1.][0. 1. 0. 0. 0. 1. 0. 1. 1. 0. 0. 0. 0. 1. 1. 0. 0. 0. 1. 1. 0.][0. 0. 1. 0.]
[0. 0. 0. 0. 0. 0. 0. 1. 0. 0. 0. 0. 0. 1. 0. 0. 0. 1. 0. 0. 1.][0. 1. 1. 1. 0. 0. 0. 0. 0. 0. 0. 1. 1. 0. 0. 1. 1. 0. 0. 0. 0.][0.         0.38333778 0.         0.61666222]
[0. 0. 0. 0. 0. 0. 0. 0. 0. 0. 0. 0. 0. 1. 0. 0. 0. 1. 0. 0. 1.][1. 0. 0. 1. 0. 1. 0. 0. 0. 0. 0. 1. 1. 1. 0. 1. 0. 0. 1. 0. 0.][0.         0.34148514 0.65851486 0.        ]
[0. 0. 0. 0. 0. 0. 0. 0. 0. 1. 0. 0. 0. 1. 0. 0. 1. 1. 1. 0. 0.][0. 0. 0. 0. 0. 0. 1. 1. 0. 0. 0. 1. 0. 0. 0. 1. 1. 0. 0. 1. 0.][0.61305612 0.         0.         0.38694388]
[0. 0. 0. 0. 0. 0. 0. 0. 0. 0. 0. 0. 0. 0. 1. 0. 1. 1. 0. 0. 0.][0. 0. 0. 1. 1. 1. 0. 0. 0. 1. 1. 1. 0. 1. 0. 0. 1. 0. 0. 0. 0.][0.         0.41918496 0.58081504 0.        ]
[0. 0. 0. 0. 0. 0. 0. 0. 0. 0. 0. 0. 0. 0. 1. 0. 1. 0. 0. 0. 0.][0. 1. 0. 0. 0. 0. 0. 1. 1. 1. 1. 0. 0. 0. 1. 1. 0. 0. 1. 0. 1.][0. 1. 0. 0.]
[0. 1. 0. 0. 0. 0. 0. 0. 1. 0. 1. 1. 0. 1. 1. 1. 1. 1. 0. 0. 0.][0. 0. 0. 0. 0. 0. 0. 0. 0. 0. 0. 0. 0. 0. 0. 1. 1. 0. 0. 0. 0.][0.31628791 0.         0.68371209 0.        ]
[0. 0. 1. 0. 1. 0. 1. 1. 0. 0. 0. 1. 0. 1. 1. 0. 1. 0. 0. 0. 1.][0. 0. 0. 0. 0. 1. 0. 0. 0. 0. 0. 0. 0. 0. 0. 0. 0. 1. 0. 0. 0.][0. 0. 1. 0.]
[0. 0. 0. 0. 0. 0. 0. 0. 0. 0. 0. 0. 1. 0. 0. 0. 0. 1. 0. 0. 0.][0. 1. 0. 1. 1. 0. 1. 1. 1. 1. 0. 0. 0. 0. 0. 0. 1. 0. 1. 0. 0.][0.         0.         0.59695402 0.40304598]
[1. 0. 0. 1. 0. 1. 1. 1. 0. 1. 0. 0. 0. 0. 0. 0. 0. 0. 1. 0. 0.][0. 0. 0. 0. 0. 1. 0. 0. 0. 0. 1. 1. 0. 1. 0. 0. 0. 0. 0. 0. 0.][0.48898094 0.51101906 0.         0.        ]
[1. 0. 0. 1. 0. 1. 1. 1. 0. 0. 0. 0. 0. 0. 0. 0. 0. 0. 1. 0. 0.][0. 0. 1. 1. 0. 1. 1. 0. 0. 0. 0. 0. 0. 0. 0. 0. 1. 0. 0. 0. 0.][0.         0.42167105 0.57832895 0.        ]
[0. 0. 0. 0. 1. 1. 0. 0. 0. 0. 0. 0. 0. 0. 0. 0. 0. 0. 0. 1. 1.][0. 0. 0. 0. 1. 1. 0. 1. 1. 0. 0. 0. 0. 0. 1. 0. 0. 0. 1. 1. 0.][0.         0.         0.64148621 0.35851379]
[1. 0. 1. 0. 0. 1. 0. 1. 0. 0. 0. 0. 0. 1. 0. 0. 0. 0. 0. 0. 0.][1. 0. 1. 0. 1. 0. 0. 0. 0. 1. 0. 1. 1. 0. 0. 0. 0. 0. 0. 0. 0.][0.63058603 0.36941397 0.         0.        ]
[1. 0. 0. 0. 0. 0. 0. 1. 0. 1. 0. 0. 0. 0. 0. 0. 0. 0. 1. 0. 1.][1. 0. 0. 0. 0. 0. 0. 0. 0. 0. 0. 1. 1. 1. 0. 0. 1. 1. 0. 0. 0.][1. 0. 0. 0.]
[1. 0. 0. 0. 0. 0. 0. 0. 0. 1. 0. 0. 0. 0. 1. 1. 0. 0. 1. 1. 0.][1. 0. 1. 0. 0. 0. 0. 0. 0. 0. 0. 0. 1. 1. 0. 1. 0. 0. 0. 0. 0.][0.        0.        0.4473189 0.5526811]
[0. 0. 0. 0. 1. 0. 0. 1. 0. 0. 0. 0. 1. 1. 1. 0. 1. 0. 0. 0. 0.][0. 0. 0. 0. 0. 0. 0. 0. 0. 0. 0. 0. 0. 1. 0. 1. 1. 1. 1. 0. 0.][0.49382688 0.         0.         0.50617312]
[1. 0. 0. 1. 0. 0. 1. 1. 0. 0. 0. 0. 1. 0. 0. 0. 0. 0. 0. 0. 0.][0. 0. 0. 1. 1. 0. 1. 0. 0. 0. 0. 0. 0. 0. 1. 0. 0. 1. 0. 0. 1.][0.32155635 0.31428785 0.         0.3641558 ]
