20,1,5000
[0. 0. 0. 1. 1. 0. 1. 0. 1. 0. 0. 1. 0. 0. 1. 0. 0. 0. 0. 1. 0.][0. 0. 1. 0. 0. 0. 0. 0. 1. 0. 1. 0. 0. 0. 1. 0. 0. 0. 0. 0. 0.][0.         0.52116698 0.47883302 0.        ]
[0. 0. 0. 0. 0. 0. 0. 0. 0. 0. 0. 0. 0. 0. 1. 0. 0. 0. 0. 1. 0.][0. 1. 0. 0. 1. 1. 0. 0. 1. 1. 1. 0. 0. 0. 1. 0. 1. 0. 1. 0. 0.][0.         0.38243626 0.61756374 0.        ]
[0. 0. 0. 0. 0. 0. 1. 0. 1. 1. 0. 0. 0. 0. 1. 0. 0. 0. 0. 1. 0.][0. 0. 0. 1. 0. 0. 0. 0. 0. 1. 1. 0. 1. 0. 1. 0. 0. 0. 0. 1. 0.][0.         0.66446098 0.33553902 0.        ]
[0. 0. 0. 0. 0. 0. 0. 0. 0. 0. 0. 0. 0. 0. 0. 1. 0. 0. 0. 0. 0.][1. 1. 0. 1. 1. 1. 1. 0. 0. 0. 0. 0. 1. 0. 1. 0. 1. 1. 0. 0. 0.][0. 1. 0. 0.]
[0. 0. 0. 0. 1. 0. 1. 0. 1. 0. 0. 0. 0. 0. 0. 1. 0. 0. 0. 1. 1.][1. 0. 1. 0. 0. 0. 0. 0. 1. 0. 1. 0. 0. 0. 1. 0. 0. 0. 0. 0. 0.][0.         0.51395371 0.48604629 0.        ]
[0. 0. 0. 0. 0. 0. 0. 0. 0. 0. 0. 0. 0. 0. 1. 1. 0. 0. 0. 1. 0.][0. 1. 1. 0. 1. 0. 0. 0. 1. 1. 1. 0. 0. 0. 1. 0. 0. 1. 0. 0. 0.][0.         0.50844897 0.49155103 0.        ]
[0. 0. 0. 0. 0. 0. 0. 0. 1. 0. 0. 1. 0. 0. 0. 1. 0. 0. 0. 1. 0.][0. 0. 0. 1. 0. 1. 1. 0. 0. 0. 1. 0. 0. 1. 1. 1. 0. 0. 0. 0. 0.][0.         0.68705009 0.31294991 0.        ]
[0. 0. 0. 0. 0. 0. 0. 0. 0. 0. 0. 0. 0. 0. 0. 0. 1. 0. 1. 1. 0.][0. 0. 1. 0. 1. 0. 0. 0. 1. 1. 0. 1. 0. 1. 0. 0. 1. 1. 0. 0. 0.][1. 0. 0. 0.]
[0. 0. 0. 0. 0. 0. 0. 0. 0. 0. 0. 0. 0. 0. 0. 0. 1. 0. 1. 1. 0.][0. 0. 1. 0. 0. 0. 0. 1. 0. 1. 0. 0. 1. 1. 0. 0. 1. 1. 0. 0. 1.][0.         0.67910914 0.         0.32089086]
[1. 0. 0. 0. 0. 0. 0. 0. 0. 0. 0. 0. 0. 0. 0. 0. 1. 0. 1. 0. 0.][0. 0. 0. 0. 0. 1. 1. 1. 1. 1. 0. 0. 1. 0. 0. 0. 0. 1. 0. 1. 0.][0.         0.30130352 0.69869648 0.        ]
[0. 1. 0. 0. 0. 0. 0. 0. 0. 0. 1. 0. 1. 1. 0. 1. 1. 1. 0. 1. 0.][1. 0. 0. 0. 0. 0. 0. 0. 0. 0. 0. 0. 0. 0. 0. 1. 0. 0. 0. 1. 0.][0.         0.67102891 0.32897109 0.        ]
[0. 0. 0. 0. 0. 0. 0. 0. 0. 0. 0. 0. 0. 0. 1. 0. 0. 0. 1. 1. 0.][1. 0. 1. 1. 0. 1. 1. 0. 0. 0. 0. 0. 1. 0. 1. 0. 0. 1. 0. 0. 0.][0.         0.50661575 0.49338425 0.        ]
[1. 0. 0. 1. 0. 0. 0. 0. 0. 0. 0. 0. 0. 0. 1. 0. 0. 0. 0. 0. 0.][0. 1. 0. 0. 1. 0. 0. 0. 1. 1. 1. 0. 0. 0. 0. 0. 1. 1. 0. 0. 1.][0. 1. 0. 0.]
[1. 0. 0. 0. 0. 0. 1. 1. 1. 1. 0. 1. 0. 0. 0. 0. 0. 0. 0. 0. 1.][0. 0. 0. 1. 0. 0. 0. 0. 0. 0. 0. 0. 1. 0. 1. 0. 0. 1. 0. 0. 0.][0.       0.408502 0.591498 0.      ]
[1. 0. 0. 1. 1. 0. 1. 0. 1. 0. 0. 1. 0. 0. 0. 0. 0. 0. 0. 0. 0.][0. 0. 1. 0. 0. 0. 0. 0. 1. 0. 1. 0. 0. 0. 1. 1. 0. 0. 0. 0. 0.][0.         0.54526903 0.45473097 0.        ]
[1. 0. 1. 1. 1. 1. 0. 0. 0. 0. 0. 0. 0. 0. 0. 0. 0. 1. 0. 1. 0.][0. 0. 0. 0. 0. 0. 0. 0. 0. 0. 0. 0. 0. 1. 1. 1. 0. 0. 0. 1. 0.][0. 0. 0. 1.]
[1. 0. 1. 0. 0. 0. 0. 1. 1. 1. 0. 1. 0. 0. 0. 0. 1. 1. 0. 0. 0.][0. 0. 0. 0. 0. 0. 0. 0. 0. 0. 0. 1. 0. 0. 0. 0. 1. 0. 0. 1. 0.][0. 1. 0. 0.]
[1. 1. 1. 0. 0. 0. 0. 1. 0. 0. 0. 0. 0. 0. 0. 0. 1. 1. 0. 1. 0.][0. 0. 0. 0. 1. 0. 0. 0. 0. 0. 0. 0. 0. 1. 0. 0. 1. 0. 1. 0. 0.][0.42934496 0.57065504 0.         0.        ]
[1. 0. 1. 0. 1. 1. 1. 1. 0. 1. 0. 0. 0. 1. 0. 1. 0. 0. 0. 0. 0.][0. 0. 0. 0. 0. 0. 0. 0. 0. 0. 0. 0. 0. 1. 0. 1. 0. 0. 0. 0. 0.][1. 0. 0. 0.]
[1. 0. 0. 0. 0. 0. 1. 1. 0. 0. 0. 1. 0. 0. 1. 0. 0. 0. 0. 0. 0.][0. 1. 1. 1. 1. 0. 0. 0. 0. 0. 0. 0. 1. 0. 0. 0. 0. 1. 0. 0. 0.][0.         0.71710526 0.28289474 0.        ]
