20,1,50
[0. 0. 0. 1. 0. 0. 1. 0. 0. 1. 0. 0. 0. 1. 0. 0. 0. 0. 1. 1. 0.][0. 0. 0. 1. 0. 0. 0. 0. 0. 0. 0. 0. 1. 1. 0. 1. 0. 0. 0. 0. 1.][0.         0.69193388 0.30806612 0.        ]
[0. 0. 0. 0. 0. 0. 0. 0. 0. 0. 0. 0. 0. 1. 0. 0. 0. 0. 1. 0. 1.][0. 1. 0. 0. 1. 0. 0. 1. 0. 1. 1. 0. 0. 0. 1. 1. 0. 1. 0. 0. 0.][0.67516788 0.         0.32483212 0.        ]
[0. 0. 0. 0. 0. 0. 0. 1. 0. 0. 0. 0. 0. 1. 0. 0. 0. 0. 1. 1. 0.][0. 0. 0. 0. 0. 1. 0. 1. 0. 1. 0. 0. 1. 0. 1. 0. 1. 0. 1. 0. 0.][0.2665854 0.7334146 0.        0.       ]
[0. 0. 0. 0. 0. 0. 0. 0. 0. 0. 0. 0. 0. 0. 1. 0. 0. 0. 0. 0. 0.][1. 0. 0. 0. 1. 1. 1. 1. 1. 0. 1. 0. 0. 1. 0. 0. 0. 0. 0. 1. 1.][0. 1. 0. 0.]
[0. 0. 0. 0. 0. 0. 0. 0. 1. 1. 0. 0. 0. 0. 1. 0. 0. 0. 1. 1. 0.][1. 0. 0. 0. 1. 0. 0. 0. 0. 1. 0. 0. 0. 1. 1. 0. 0. 0. 0. 1. 0.][0.6203104 0.        0.        0.3796896]
[0. 0. 0. 0. 0. 0. 0. 0. 0. 0. 0. 0. 0. 0. 1. 0. 0. 0. 1. 0. 1.][0. 1. 1. 1. 0. 0. 0. 0. 0. 1. 1. 0. 0. 0. 1. 1. 0. 0. 0. 0. 1.][0.         0.65062801 0.         0.34937199]
[0. 0. 0. 0. 0. 0. 0. 0. 0. 1. 0. 0. 0. 0. 1. 0. 0. 1. 1. 0. 0.][0. 0. 0. 0. 0. 1. 1. 0. 1. 1. 0. 0. 0. 1. 0. 0. 0. 0. 1. 0. 1.][0.         0.         0.46715577 0.53284423]
[0. 0. 0. 0. 0. 0. 0. 0. 0. 0. 0. 0. 0. 0. 0. 0. 0. 1. 0. 0. 0.][0. 1. 0. 1. 1. 0. 1. 0. 0. 0. 0. 1. 0. 1. 1. 1. 1. 0. 0. 0. 1.][0.67025964 0.         0.         0.32974036]
[0. 0. 0. 0. 0. 0. 0. 0. 0. 0. 0. 0. 0. 0. 0. 0. 1. 1. 1. 0. 0.][1. 0. 0. 0. 0. 1. 1. 1. 1. 0. 0. 0. 0. 0. 0. 1. 1. 0. 0. 1. 0.][1. 0. 0. 0.]
[0. 0. 0. 0. 0. 0. 0. 0. 0. 0. 0. 0. 0. 0. 0. 0. 0. 1. 0. 0. 0.][0. 0. 1. 0. 0. 1. 0. 1. 1. 0. 0. 0. 1. 0. 1. 1. 1. 1. 0. 1. 0.][0.         0.37278965 0.         0.62721035]
[1. 0. 1. 1. 0. 1. 1. 1. 0. 0. 0. 0. 0. 0. 1. 1. 1. 0. 0. 0. 0.][0. 0. 0. 0. 1. 0. 0. 0. 0. 0. 0. 0. 0. 0. 0. 0. 0. 0. 1. 0. 0.][0.         0.53062026 0.         0.46937974]
[0. 0. 0. 0. 0. 0. 0. 0. 0. 0. 0. 0. 0. 1. 0. 0. 0. 0. 0. 0. 1.][1. 0. 1. 0. 0. 1. 0. 1. 0. 0. 0. 1. 0. 1. 0. 1. 1. 0. 0. 0. 1.][0.58779868 0.         0.41220132 0.        ]
[1. 0. 0. 0. 0. 0. 0. 1. 0. 0. 0. 0. 0. 1. 0. 0. 0. 0. 0. 0. 1.][0. 1. 1. 1. 1. 0. 0. 0. 0. 1. 1. 0. 0. 0. 1. 0. 0. 0. 0. 0. 0.][0. 1. 0. 0.]
[1. 0. 1. 0. 0. 1. 0. 1. 0. 1. 0. 0. 0. 0. 0. 0. 0. 0. 0. 1. 0.][0. 0. 1. 0. 0. 1. 0. 1. 0. 1. 1. 0. 0. 0. 0. 0. 0. 0. 0. 0. 0.][0.49278343 0.         0.50721657 0.        ]
[0. 0. 0. 0. 0. 0. 1. 0. 0. 0. 0. 0. 0. 0. 0. 0. 0. 0. 0. 1. 1.][0. 0. 0. 1. 1. 1. 1. 0. 1. 0. 1. 1. 0. 0. 0. 0. 0. 0. 1. 0. 0.][0. 0. 0. 1.]
[0. 0. 0. 0. 0. 0. 0. 1. 1. 1. 0. 0. 0. 0. 0. 0. 0. 0. 0. 1. 0.][0. 1. 1. 0. 0. 0. 0. 0. 0. 1. 0. 0. 0. 1. 1. 1. 0. 0. 1. 0. 0.][0.28804716 0.71195284 0.         0.        ]
[1. 0. 0. 0. 0. 0. 1. 0. 0. 0. 0. 0. 0. 0. 0. 0. 0. 0. 0. 0. 1.][0. 1. 1. 0. 0. 0. 0. 0. 1. 0. 0. 1. 1. 0. 1. 0. 0. 1. 1. 0. 0.][0.52746437 0.         0.47253563 0.        ]
[1. 0. 1. 0. 0. 1. 0. 1. 0. 1. 0. 0. 1. 1. 1. 0. 1. 0. 0. 0. 0.][0. 0. 0. 0. 0. 0. 0. 0. 0. 0. 0. 0. 0. 0. 0. 1. 0. 0. 0. 0. 1.][0. 0. 1. 0.]
[1. 1. 1. 1. 1. 1. 0. 0. 0. 0. 0. 0. 0. 0. 0. 0. 1. 0. 1. 0. 0.][0. 0. 0. 1. 0. 0. 0. 0. 0. 0. 0. 0. 1. 0. 0. 0. 0. 0. 0. 0. 1.][0. 0. 1. 0.]
[0. 1. 1. 1. 1. 0. 0. 0. 0. 0. 0. 0. 0. 0. 0. 1. 1. 0. 0. 0. 0.][0. 0. 0. 1. 1. 0. 0. 0. 0. 0. 1. 0. 0. 0. 0. 0. 0. 0. 1. 1. 0.][0. 1. 0. 0.]
