20,1,5000
[0. 0. 0. 1. 0. 0. 0. 0. 0. 0. 1. 1. 0. 1. 0. 0. 0. 0. 1. 0. 0.][1. 0. 0. 0. 0. 0. 0. 0. 1. 1. 0. 0. 1. 1. 0. 0. 0. 1. 0. 0. 0.][1. 0. 0. 0.]
[0. 0. 0. 0. 0. 0. 0. 0. 0. 0. 0. 0. 0. 1. 0. 0. 0. 0. 1. 1. 0.][1. 1. 0. 0. 0. 1. 0. 0. 1. 1. 1. 1. 0. 1. 0. 0. 0. 0. 0. 0. 0.][1. 0. 0. 0.]
[0. 1. 0. 0. 0. 0. 0. 1. 0. 0. 0. 0. 0. 1. 0. 0. 0. 0. 1. 0. 0.][1. 0. 1. 0. 1. 0. 0. 0. 0. 1. 0. 0. 1. 1. 1. 0. 0. 0. 0. 0. 0.][1. 0. 0. 0.]
[0. 0. 0. 0. 0. 0. 0. 0. 0. 0. 0. 0. 0. 0. 1. 1. 0. 1. 0. 0. 1.][0. 0. 0. 1. 1. 0. 0. 0. 0. 0. 0. 1. 0. 1. 1. 1. 1. 0. 0. 0. 0.][1. 0. 0. 0.]
[0. 0. 0. 0. 0. 0. 0. 1. 0. 0. 1. 0. 0. 0. 1. 0. 0. 0. 1. 1. 1.][1. 1. 0. 0. 0. 0. 0. 0. 1. 1. 0. 0. 0. 1. 0. 0. 0. 0. 0. 0. 0.][1. 0. 0. 0.]
[0. 0. 0. 0. 0. 0. 0. 0. 0. 0. 1. 0. 0. 0. 1. 1. 0. 1. 1. 0. 0.][0. 1. 0. 0. 0. 1. 0. 0. 1. 1. 0. 1. 0. 1. 0. 0. 0. 0. 0. 0. 0.][1. 0. 0. 0.]
[0. 0. 0. 0. 0. 0. 0. 1. 0. 1. 1. 0. 0. 0. 1. 0. 0. 1. 1. 0. 0.][0. 0. 0. 1. 1. 0. 0. 0. 0. 0. 0. 0. 0. 1. 0. 0. 0. 0. 1. 1. 0.][1. 0. 0. 0.]
[0. 0. 0. 0. 0. 0. 0. 0. 0. 0. 0. 0. 0. 0. 0. 1. 0. 1. 1. 0. 0.][0. 0. 0. 1. 0. 1. 1. 1. 0. 0. 0. 1. 0. 0. 0. 1. 1. 1. 0. 0. 0.][0.43439822 0.         0.         0.56560178]
[1. 0. 0. 0. 0. 0. 0. 0. 0. 0. 0. 0. 0. 0. 0. 1. 0. 1. 0. 0. 1.][0. 0. 1. 1. 1. 0. 0. 1. 1. 0. 0. 0. 0. 0. 0. 0. 0. 1. 0. 0. 1.][0. 0. 1. 0.]
[0. 0. 0. 0. 0. 0. 0. 0. 0. 0. 0. 0. 0. 0. 0. 1. 0. 1. 0. 0. 0.][0. 0. 1. 1. 1. 0. 1. 1. 0. 0. 0. 0. 0. 0. 0. 1. 1. 1. 0. 0. 1.][0. 0. 1. 0.]
[0. 0. 1. 0. 0. 0. 1. 0. 0. 1. 0. 0. 1. 1. 1. 1. 1. 0. 0. 0. 0.][0. 0. 0. 0. 0. 0. 0. 0. 0. 0. 0. 0. 0. 0. 0. 1. 1. 1. 0. 0. 0.][0.         0.         0.47978173 0.52021827]
[1. 0. 0. 1. 1. 0. 0. 0. 0. 0. 1. 0. 0. 1. 0. 0. 0. 0. 0. 0. 0.][0. 0. 0. 0. 0. 1. 0. 0. 1. 1. 0. 0. 1. 1. 0. 1. 0. 0. 0. 0. 0.][1. 0. 0. 0.]
[1. 0. 0. 0. 0. 0. 0. 0. 0. 0. 0. 0. 0. 0. 0. 0. 0. 0. 0. 0. 0.][1. 1. 0. 0. 0. 1. 0. 0. 1. 1. 0. 1. 1. 0. 1. 1. 1. 0. 0. 0. 0.][0.68629144 0.         0.         0.31370856]
[1. 0. 0. 0. 0. 0. 0. 1. 0. 0. 0. 0. 0. 0. 1. 0. 0. 0. 0. 0. 0.][0. 1. 0. 0. 0. 1. 0. 0. 1. 1. 0. 1. 0. 0. 1. 1. 1. 0. 0. 0. 0.][1. 0. 0. 0.]
[1. 0. 0. 1. 1. 1. 1. 0. 0. 0. 0. 0. 1. 1. 1. 0. 1. 0. 0. 0. 0.][0. 0. 0. 0. 0. 0. 0. 0. 0. 0. 0. 0. 1. 0. 0. 0. 0. 0. 1. 0. 0.][1. 0. 0. 0.]
[1. 0. 0. 0. 0. 0. 1. 0. 0. 0. 0. 0. 0. 0. 0. 1. 1. 0. 0. 1. 0.][1. 1. 0. 0. 0. 1. 0. 0. 0. 0. 1. 0. 0. 0. 1. 0. 0. 0. 0. 1. 0.][0.         0.         0.33795409 0.66204591]
[1. 0. 0. 0. 0. 0. 0. 0. 0. 0. 0. 0. 0. 0. 0. 1. 1. 0. 0. 0. 0.][0. 0. 0. 0. 0. 0. 0. 0. 0. 1. 1. 1. 1. 0. 0. 0. 0. 1. 1. 1. 1.][0. 0. 0. 1.]
[1. 0. 1. 1. 0. 0. 1. 1. 0. 1. 1. 0. 0. 0. 0. 1. 1. 0. 0. 0. 0.][0. 0. 0. 0. 0. 0. 0. 0. 0. 0. 1. 0. 0. 0. 0. 0. 0. 0. 0. 1. 0.][0.46270892 0.53729108 0.         0.        ]
[1. 1. 1. 0. 0. 0. 0. 0. 0. 0. 0. 0. 0. 0. 0. 1. 1. 0. 1. 0. 0.][0. 0. 0. 0. 0. 0. 0. 0. 0. 0. 0. 0. 1. 0. 1. 1. 1. 1. 0. 0. 0.][1. 0. 0. 0.]
[1. 0. 1. 0. 0. 0. 0. 1. 0. 1. 0. 0. 0. 1. 0. 0. 0. 0. 0. 1. 0.][0. 0. 1. 0. 0. 1. 0. 0. 0. 0. 0. 0. 0. 0. 1. 1. 1. 0. 0. 0. 0.][1. 0. 0. 0.]
