20,1,20
[0. 0. 0. 1. 1. 0. 1. 0. 0. 1. 0. 1. 0. 0. 0. 0. 0. 0. 1. 0. 0.][0. 0. 1. 0. 0. 0. 1. 0. 1. 0. 0. 0. 1. 0. 0. 0. 0. 0. 0. 1. 0.][0.27343344 0.37235601 0.35421056 0.        ]
[0. 0. 0. 0. 0. 0. 0. 0. 0. 0. 1. 0. 0. 0. 0. 0. 0. 0. 1. 0. 0.][0. 0. 1. 1. 1. 1. 0. 1. 0. 0. 0. 1. 1. 1. 0. 0. 0. 0. 0. 1. 0.][0.4309802 0.5690198 0.        0.       ]
[0. 0. 0. 0. 0. 1. 0. 0. 0. 0. 1. 0. 0. 0. 0. 0. 0. 0. 1. 0. 0.][0. 0. 0. 0. 0. 0. 0. 0. 0. 1. 1. 1. 1. 0. 0. 0. 0. 1. 1. 1. 1.][0.         0.         0.32068086 0.67931914]
[0. 0. 0. 0. 0. 0. 0. 0. 0. 0. 0. 0. 0. 0. 0. 1. 0. 0. 1. 1. 0.][0. 0. 0. 0. 1. 0. 0. 1. 0. 0. 1. 1. 1. 1. 1. 0. 1. 0. 0. 0. 0.][0.         0.         0.44886696 0.55113304]
[0. 0. 0. 0. 0. 0. 0. 1. 1. 1. 1. 0. 0. 1. 0. 0. 0. 0. 1. 1. 0.][0. 0. 1. 0. 0. 1. 0. 0. 0. 0. 0. 0. 0. 1. 0. 0. 0. 0. 0. 1. 0.][0. 1. 0. 0.]
[0. 0. 0. 0. 0. 0. 0. 0. 0. 0. 0. 0. 0. 0. 0. 0. 0. 0. 1. 1. 0.][0. 0. 1. 1. 1. 1. 0. 0. 0. 1. 1. 0. 0. 1. 1. 0. 0. 0. 0. 1. 0.][0. 0. 1. 0.]
[0. 0. 0. 0. 0. 0. 0. 0. 1. 0. 1. 0. 0. 1. 0. 0. 0. 0. 1. 1. 0.][0. 0. 1. 0. 1. 0. 0. 0. 0. 1. 0. 1. 1. 0. 0. 0. 1. 0. 0. 0. 0.][0.43490698 0.         0.56509302 0.        ]
[0. 0. 0. 0. 0. 0. 0. 0. 0. 0. 0. 1. 0. 0. 0. 1. 0. 0. 0. 0. 1.][1. 1. 0. 1. 0. 0. 0. 0. 0. 0. 0. 1. 1. 1. 0. 0. 0. 0. 1. 1. 0.][0.27904831 0.         0.72095169 0.        ]
[0. 0. 0. 0. 0. 0. 0. 0. 0. 0. 0. 0. 0. 0. 0. 0. 0. 0. 0. 0. 1.][1. 1. 0. 0. 0. 0. 0. 0. 1. 0. 1. 0. 1. 0. 1. 1. 1. 1. 0. 0. 1.][0.         0.         0.69999062 0.30000938]
[0. 0. 0. 0. 0. 0. 0. 0. 0. 0. 0. 0. 0. 0. 0. 0. 0. 0. 0. 0. 1.][1. 1. 0. 0. 0. 0. 0. 0. 1. 0. 0. 1. 0. 1. 1. 1. 0. 1. 1. 0. 1.][0.65060964 0.34939036 0.         0.        ]
[0. 0. 0. 0. 0. 0. 0. 0. 0. 0. 0. 0. 0. 0. 0. 1. 0. 0. 0. 0. 1.][1. 1. 0. 0. 0. 1. 1. 0. 0. 1. 0. 0. 0. 1. 0. 1. 0. 0. 1. 0. 1.][0. 0. 1. 0.]
[0. 1. 0. 0. 0. 0. 0. 0. 0. 0. 0. 0. 1. 0. 0. 0. 1. 1. 1. 0. 1.][1. 1. 1. 0. 0. 0. 0. 0. 0. 0. 0. 0. 1. 0. 0. 0. 0. 0. 1. 0. 0.][0.         0.         0.29289751 0.70710249]
[0. 0. 1. 0. 0. 0. 0. 1. 0. 1. 0. 0. 0. 0. 0. 0. 0. 1. 0. 1. 0.][1. 0. 0. 0. 0. 0. 1. 0. 1. 0. 0. 0. 1. 0. 0. 0. 0. 1. 1. 0. 0.][0.         0.29416104 0.         0.70583896]
[0. 0. 0. 0. 0. 1. 1. 1. 1. 0. 0. 0. 0. 0. 0. 0. 0. 0. 0. 0. 1.][0. 1. 0. 0. 0. 0. 0. 0. 1. 0. 0. 0. 0. 1. 0. 1. 0. 0. 0. 1. 1.][0.40835946 0.31828148 0.         0.27335906]
[1. 0. 0. 0. 0. 0. 0. 1. 0. 0. 0. 0. 0. 0. 1. 0. 0. 0. 0. 0. 1.][0. 1. 0. 0. 0. 0. 0. 0. 0. 0. 0. 1. 1. 1. 1. 0. 0. 0. 1. 1. 0.][0. 0. 0. 1.]
[0. 0. 0. 0. 0. 0. 1. 0. 1. 1. 1. 0. 0. 1. 0. 0. 0. 0. 0. 0. 0.][0. 0. 0. 0. 1. 0. 0. 1. 1. 1. 0. 0. 0. 1. 0. 0. 1. 0. 0. 0. 0.][0.3108732 0.6891268 0.        0.       ]
[1. 0. 0. 1. 0. 0. 0. 1. 0. 1. 1. 0. 0. 1. 1. 1. 0. 0. 0. 0. 0.][0. 0. 0. 0. 0. 1. 0. 0. 0. 0. 0. 0. 0. 0. 0. 0. 0. 0. 1. 1. 0.][0.43360249 0.56639751 0.         0.        ]
[0. 0. 0. 0. 0. 0. 0. 0. 1. 1. 0. 0. 0. 1. 1. 1. 0. 0. 0. 0. 0.][0. 0. 0. 1. 0. 1. 0. 0. 0. 0. 0. 0. 0. 1. 1. 0. 1. 0. 0. 0. 1.][0. 0. 1. 0.]
[1. 0. 1. 0. 1. 1. 0. 0. 1. 1. 0. 1. 0. 0. 0. 0. 0. 0. 0. 0. 0.][0. 0. 0. 0. 1. 0. 0. 0. 0. 1. 0. 1. 0. 0. 0. 0. 0. 1. 0. 0. 0.][0.54930594 0.         0.45069406 0.        ]
[1. 0. 1. 1. 0. 0. 0. 0. 0. 0. 1. 1. 0. 0. 1. 1. 0. 0. 0. 0. 0.][0. 0. 0. 1. 0. 0. 0. 0. 0. 0. 0. 1. 1. 1. 0. 0. 0. 0. 0. 0. 0.][0.35687813 0.         0.64312187 0.        ]
