20,1,500
[0. 1. 1. 1. 1. 0. 1. 0. 0. 1. 0. 0. 0. 1. 0. 0. 0. 0. 1. 0. 0.][0. 0. 1. 0. 0. 0. 0. 0. 1. 0. 0. 0. 0. 0. 0. 0. 1. 0. 0. 0. 0.][1. 0. 0. 0.]
[0. 0. 0. 0. 0. 0. 0. 0. 0. 1. 0. 0. 0. 1. 0. 0. 0. 0. 1. 0. 0.][0. 1. 1. 0. 1. 0. 1. 0. 1. 1. 1. 0. 0. 0. 0. 0. 0. 1. 0. 0. 0.][0.50398833 0.49601167 0.         0.        ]
[0. 1. 0. 0. 0. 0. 0. 1. 0. 1. 0. 0. 0. 1. 0. 0. 0. 0. 1. 1. 0.][0. 0. 0. 1. 0. 0. 0. 0. 0. 0. 1. 0. 0. 1. 0. 0. 1. 1. 0. 0. 0.][0.52196108 0.47803892 0.         0.        ]
[0. 0. 0. 0. 0. 0. 0. 0. 0. 0. 0. 0. 0. 0. 1. 1. 1. 0. 0. 0. 0.][1. 0. 1. 0. 1. 0. 1. 0. 1. 0. 0. 0. 1. 0. 0. 1. 1. 0. 0. 0. 0.][0. 0. 1. 0.]
[0. 0. 0. 0. 0. 0. 0. 1. 0. 1. 0. 0. 1. 0. 1. 0. 0. 0. 1. 1. 0.][1. 0. 0. 0. 0. 0. 0. 0. 1. 0. 1. 0. 0. 0. 0. 1. 1. 0. 0. 0. 0.][0. 0. 1. 0.]
[0. 0. 0. 0. 0. 0. 0. 0. 0. 0. 0. 0. 0. 0. 1. 0. 0. 0. 1. 0. 1.][0. 1. 1. 0. 1. 0. 0. 0. 1. 0. 1. 0. 1. 0. 0. 1. 0. 0. 1. 0. 0.][0.59662863 0.         0.40337137 0.        ]
[0. 0. 0. 0. 0. 0. 0. 0. 0. 1. 0. 0. 0. 0. 1. 1. 0. 0. 1. 1. 0.][0. 0. 0. 1. 0. 0. 1. 0. 0. 0. 1. 0. 0. 0. 0. 1. 1. 0. 0. 1. 0.][0.         0.58740815 0.41259185 0.        ]
[0. 0. 0. 0. 0. 0. 0. 0. 0. 0. 0. 0. 0. 0. 0. 1. 0. 1. 1. 0. 0.][0. 1. 1. 0. 0. 1. 0. 1. 1. 1. 0. 1. 0. 1. 0. 0. 0. 0. 0. 0. 0.][0.39444961 0.60555039 0.         0.        ]
[1. 0. 0. 0. 0. 0. 0. 0. 0. 0. 0. 0. 0. 0. 0. 1. 0. 1. 0. 0. 0.][0. 0. 0. 1. 0. 1. 1. 0. 1. 1. 0. 0. 0. 0. 0. 0. 0. 1. 1. 1. 0.][0.         0.         0.62645502 0.37354498]
[1. 0. 0. 1. 1. 0. 0. 1. 0. 0. 0. 1. 0. 0. 1. 0. 1. 1. 1. 1. 0.][0. 0. 0. 0. 0. 0. 0. 0. 0. 0. 0. 0. 0. 0. 0. 0. 0. 0. 0. 0. 1.][0.         0.35281601 0.         0.64718399]
[0. 0. 1. 0. 0. 0. 1. 1. 0. 0. 0. 1. 1. 1. 1. 1. 0. 1. 0. 0. 0.][0. 0. 0. 0. 0. 0. 0. 0. 0. 0. 0. 0. 0. 1. 1. 0. 0. 0. 0. 0. 0.][0.69721318 0.30278682 0.         0.        ]
[0. 0. 0. 0. 0. 0. 0. 0. 0. 0. 0. 0. 0. 1. 0. 1. 0. 0. 1. 0. 0.][1. 0. 0. 1. 0. 0. 1. 0. 0. 0. 0. 0. 1. 1. 1. 0. 1. 1. 0. 0. 0.][1. 0. 0. 0.]
[1. 0. 0. 0. 0. 0. 0. 0. 0. 0. 0. 0. 0. 1. 0. 0. 0. 0. 0. 0. 1.][0. 1. 1. 0. 1. 0. 1. 0. 1. 0. 1. 0. 1. 0. 0. 0. 0. 1. 0. 0. 0.][0.5446438 0.        0.4553562 0.       ]
[1. 0. 0. 0. 1. 0. 1. 1. 0. 1. 0. 0. 0. 1. 0. 0. 0. 0. 0. 1. 0.][0. 1. 0. 1. 0. 0. 0. 0. 0. 0. 0. 0. 0. 1. 1. 0. 0. 0. 0. 0. 0.][1. 0. 0. 0.]
[1. 0. 0. 0. 0. 0. 0. 1. 0. 1. 0. 0. 1. 0. 0. 0. 0. 0. 0. 1. 0.][0. 0. 0. 0. 1. 0. 0. 0. 0. 0. 1. 0. 0. 0. 0. 1. 1. 0. 0. 1. 1.][0.62674761 0.         0.37325239 0.        ]
[1. 0. 0. 1. 1. 0. 0. 0. 0. 0. 0. 0. 0. 0. 0. 0. 0. 1. 1. 0. 0.][0. 0. 0. 0. 0. 0. 0. 0. 0. 0. 0. 0. 0. 1. 0. 1. 1. 1. 1. 0. 1.][0. 1. 0. 0.]
[0. 0. 0. 1. 1. 1. 0. 0. 0. 0. 0. 0. 0. 0. 0. 0. 0. 1. 1. 0. 0.][0. 0. 0. 0. 0. 0. 0. 0. 0. 0. 0. 0. 0. 0. 0. 1. 1. 1. 1. 1. 1.][0. 0. 0. 1.]
[1. 0. 0. 0. 0. 0. 1. 0. 0. 0. 0. 0. 0. 0. 0. 0. 1. 0. 0. 0. 1.][0. 1. 0. 0. 1. 0. 0. 0. 0. 0. 0. 1. 0. 1. 0. 0. 1. 0. 1. 1. 0.][0.         0.60248561 0.39751439 0.        ]
[1. 1. 1. 1. 0. 0. 0. 0. 0. 0. 0. 0. 0. 0. 0. 1. 0. 1. 1. 0. 0.][0. 0. 0. 0. 0. 0. 0. 0. 0. 0. 0. 0. 0. 1. 1. 1. 0. 0. 0. 1. 0.][0. 1. 0. 0.]
[1. 0. 0. 0. 1. 0. 0. 1. 0. 0. 0. 0. 0. 1. 0. 0. 0. 0. 0. 1. 0.][0. 1. 0. 1. 0. 0. 0. 0. 0. 0. 0. 0. 1. 1. 1. 0. 0. 1. 0. 0. 0.][0. 1. 0. 0.]
