20,1,5000
[0. 0. 0. 1. 1. 1. 0. 0. 0. 0. 0. 1. 0. 0. 0. 0. 1. 1. 1. 0. 0.][0. 0. 1. 0. 0. 0. 0. 0. 1. 0. 0. 0. 0. 0. 1. 0. 0. 0. 0. 0. 1.][0. 0. 1. 0.]
[0. 0. 0. 0. 0. 0. 0. 0. 0. 0. 0. 1. 1. 0. 0. 0. 1. 0. 0. 1. 0.][0. 1. 1. 0. 0. 0. 0. 1. 1. 0. 1. 1. 0. 0. 0. 1. 0. 0. 0. 0. 0.][0.         0.         0.71641677 0.28358323]
[0. 0. 0. 0. 0. 0. 0. 1. 0. 0. 0. 1. 0. 0. 0. 0. 1. 1. 0. 0. 0.][1. 0. 0. 1. 0. 1. 0. 0. 0. 0. 1. 0. 1. 0. 1. 0. 0. 0. 1. 0. 0.][0. 0. 1. 0.]
[0. 0. 0. 0. 0. 0. 0. 0. 0. 0. 0. 0. 1. 0. 0. 0. 0. 0. 0. 0. 1.][0. 0. 1. 1. 1. 1. 0. 1. 0. 0. 0. 0. 1. 1. 1. 1. 0. 0. 0. 0. 0.][0. 0. 1. 0.]
[0. 0. 0. 0. 0. 0. 0. 1. 0. 0. 0. 0. 1. 0. 0. 0. 1. 0. 0. 1. 0.][1. 1. 0. 0. 0. 0. 0. 0. 1. 0. 1. 1. 0. 1. 1. 0. 0. 0. 0. 0. 0.][0. 0. 1. 0.]
[0. 0. 0. 0. 0. 0. 0. 0. 0. 0. 0. 0. 1. 1. 0. 0. 1. 0. 0. 0. 0.][1. 1. 0. 0. 0. 0. 0. 1. 1. 0. 1. 1. 0. 1. 1. 0. 0. 0. 0. 0. 0.][0. 0. 1. 0.]
[0. 0. 0. 0. 0. 0. 1. 0. 0. 0. 0. 0. 1. 0. 0. 0. 1. 0. 1. 0. 0.][0. 0. 0. 1. 1. 1. 0. 0. 0. 0. 1. 0. 0. 1. 1. 0. 0. 1. 0. 0. 0.][0. 0. 1. 0.]
[0. 0. 0. 0. 0. 0. 0. 0. 0. 0. 0. 0. 0. 1. 0. 1. 1. 0. 0. 0. 0.][1. 1. 1. 0. 1. 0. 1. 1. 0. 1. 0. 0. 0. 0. 0. 0. 1. 0. 0. 0. 0.][1. 0. 0. 0.]
[1. 1. 1. 0. 0. 0. 0. 0. 0. 0. 1. 1. 1. 0. 1. 0. 0. 0. 0. 1. 0.][0. 0. 0. 0. 0. 0. 0. 1. 0. 0. 0. 0. 0. 0. 0. 0. 1. 0. 0. 1. 0.][0.5365806 0.4634194 0.        0.       ]
[0. 1. 0. 0. 0. 0. 0. 0. 1. 1. 1. 1. 0. 1. 1. 1. 1. 0. 0. 0. 0.][0. 0. 0. 0. 0. 0. 0. 0. 0. 0. 0. 0. 0. 1. 0. 0. 0. 1. 0. 0. 0.][0. 0. 1. 0.]
[0. 0. 1. 0. 0. 0. 1. 0. 0. 0. 1. 1. 1. 1. 1. 1. 1. 1. 0. 0. 0.][0. 0. 0. 0. 0. 0. 0. 0. 0. 0. 0. 0. 0. 0. 0. 0. 0. 0. 0. 1. 0.][0.         0.58416315 0.         0.41583685]
[1. 0. 0. 1. 1. 1. 0. 0. 0. 0. 0. 1. 0. 0. 0. 0. 0. 1. 1. 0. 0.][0. 0. 0. 0. 0. 0. 0. 0. 1. 0. 0. 0. 0. 0. 1. 0. 0. 0. 1. 0. 1.][0. 0. 1. 0.]
[1. 0. 0. 0. 0. 0. 0. 0. 0. 0. 0. 1. 0. 0. 0. 0. 0. 0. 0. 0. 0.][0. 1. 1. 0. 0. 0. 0. 1. 1. 0. 1. 1. 1. 0. 0. 1. 0. 0. 1. 0. 0.][0. 0. 1. 0.]
[1. 0. 0. 0. 0. 0. 0. 1. 0. 0. 0. 1. 0. 0. 0. 0. 0. 1. 0. 1. 0.][1. 1. 0. 1. 0. 0. 0. 0. 0. 0. 0. 0. 1. 0. 1. 1. 0. 0. 0. 0. 0.][0. 0. 1. 0.]
[1. 0. 0. 0. 0. 0. 0. 0. 0. 0. 0. 0. 0. 0. 0. 1. 0. 1. 0. 1. 0.][1. 1. 1. 0. 0. 0. 1. 1. 0. 1. 0. 0. 0. 0. 0. 0. 1. 0. 0. 0. 0.][0. 1. 0. 0.]
[1. 0. 1. 1. 1. 0. 0. 0. 0. 0. 0. 0. 0. 0. 1. 0. 1. 0. 1. 0. 0.][0. 0. 0. 0. 0. 0. 0. 0. 0. 0. 0. 0. 0. 1. 1. 0. 0. 1. 1. 0. 0.][0. 0. 0. 1.]
[1. 0. 0. 0. 0. 0. 0. 0. 0. 0. 0. 0. 0. 1. 1. 0. 0. 0. 0. 0. 0.][0. 0. 0. 0. 0. 0. 0. 1. 0. 0. 1. 1. 0. 0. 1. 0. 1. 0. 1. 1. 1.][1. 0. 0. 0.]
[1. 0. 0. 1. 0. 1. 1. 1. 0. 0. 0. 0. 0. 1. 0. 0. 0. 1. 1. 0. 0.][0. 0. 0. 0. 0. 0. 0. 0. 0. 0. 0. 1. 0. 0. 0. 0. 1. 0. 1. 0. 0.][0. 0. 1. 0.]
[1. 0. 0. 0. 0. 1. 1. 0. 0. 0. 0. 1. 1. 0. 1. 0. 0. 1. 0. 0. 1.][0. 0. 0. 0. 0. 0. 0. 0. 0. 0. 0. 0. 0. 1. 0. 0. 0. 1. 0. 1. 0.][0. 0. 1. 0.]
[0. 0. 0. 0. 1. 1. 0. 1. 1. 1. 0. 0. 0. 0. 0. 0. 1. 0. 1. 0. 1.][0. 0. 0. 0. 0. 0. 0. 0. 0. 0. 0. 0. 0. 0. 0. 0. 0. 1. 1. 0. 1.][0. 0. 1. 0.]
