20,1,1000
[0. 0. 0. 1. 1. 0. 0. 0. 1. 0. 1. 0. 0. 1. 0. 0. 0. 0. 1. 0. 1.][0. 0. 1. 0. 0. 0. 0. 0. 0. 1. 0. 0. 0. 0. 0. 1. 0. 0. 1. 0. 0.][0. 0. 1. 0.]
[0. 0. 0. 0. 0. 0. 0. 0. 0. 0. 0. 0. 0. 1. 0. 0. 0. 0. 1. 0. 0.][1. 0. 1. 0. 0. 0. 1. 0. 0. 1. 1. 0. 0. 1. 0. 1. 1. 1. 0. 0. 0.][0.         0.61334492 0.38665508 0.        ]
[0. 0. 0. 0. 0. 0. 0. 1. 1. 0. 0. 0. 0. 1. 0. 0. 0. 0. 1. 1. 0.][0. 0. 1. 1. 0. 0. 0. 0. 1. 0. 1. 0. 1. 0. 0. 1. 0. 0. 0. 0. 0.][0. 0. 1. 0.]
[0. 0. 0. 0. 0. 0. 0. 0. 0. 0. 0. 0. 0. 0. 1. 1. 0. 1. 0. 0. 1.][0. 0. 0. 0. 1. 1. 1. 0. 0. 0. 0. 0. 1. 0. 1. 1. 1. 0. 0. 0. 0.][0. 0. 1. 0.]
[0. 0. 0. 0. 0. 0. 0. 1. 0. 0. 1. 0. 0. 0. 1. 0. 0. 0. 1. 1. 1.][1. 0. 1. 0. 0. 0. 0. 0. 0. 0. 1. 0. 0. 0. 1. 1. 0. 0. 0. 0. 0.][0. 0. 1. 0.]
[0. 0. 0. 0. 0. 0. 0. 0. 0. 0. 0. 0. 0. 0. 1. 1. 0. 0. 1. 0. 0.][1. 1. 0. 0. 0. 0. 1. 0. 0. 1. 1. 0. 0. 0. 1. 0. 0. 1. 1. 0. 0.][0. 0. 1. 0.]
[0. 0. 0. 0. 0. 0. 0. 1. 1. 0. 1. 0. 0. 0. 1. 0. 0. 0. 1. 0. 0.][0. 0. 0. 1. 1. 1. 0. 0. 0. 0. 0. 0. 0. 0. 1. 1. 0. 0. 1. 0. 0.][0. 0. 1. 0.]
[0. 0. 0. 0. 0. 0. 0. 0. 0. 0. 0. 0. 0. 0. 0. 1. 0. 1. 1. 0. 0.][0. 1. 1. 0. 0. 0. 1. 1. 1. 0. 0. 0. 0. 1. 0. 1. 1. 0. 0. 0. 0.][0.         0.61703969 0.38296031 0.        ]
[0. 0. 0. 0. 0. 0. 0. 0. 0. 0. 0. 0. 0. 0. 0. 1. 0. 1. 0. 0. 0.][0. 0. 0. 0. 0. 0. 0. 1. 1. 0. 0. 1. 1. 1. 1. 0. 1. 1. 0. 1. 0.][0. 1. 0. 0.]
[1. 0. 0. 0. 0. 0. 0. 0. 0. 0. 0. 0. 0. 0. 0. 1. 0. 1. 0. 0. 0.][0. 0. 0. 0. 1. 1. 0. 1. 1. 1. 1. 0. 0. 0. 1. 0. 0. 0. 0. 1. 0.][0. 0. 0. 1.]
[0. 0. 1. 0. 0. 1. 1. 0. 1. 0. 0. 0. 1. 1. 0. 1. 1. 1. 0. 0. 0.][0. 0. 0. 0. 0. 0. 0. 0. 0. 0. 0. 0. 0. 0. 0. 0. 1. 1. 0. 0. 0.][1. 0. 0. 0.]
[1. 1. 0. 1. 1. 1. 0. 0. 1. 0. 1. 0. 0. 1. 0. 0. 0. 0. 0. 0. 0.][0. 0. 1. 0. 0. 0. 0. 0. 0. 1. 0. 0. 0. 0. 0. 1. 0. 0. 0. 0. 0.][0. 0. 1. 0.]
[1. 0. 0. 0. 0. 0. 0. 0. 0. 0. 0. 0. 0. 1. 0. 0. 0. 0. 0. 0. 0.][1. 1. 1. 0. 0. 0. 1. 0. 0. 1. 1. 0. 0. 1. 0. 0. 1. 1. 0. 0. 0.][0. 0. 1. 0.]
[1. 0. 0. 0. 0. 0. 0. 1. 1. 0. 1. 0. 0. 0. 0. 0. 0. 0. 0. 1. 0.][0. 1. 0. 1. 0. 0. 1. 0. 0. 0. 0. 0. 1. 1. 0. 1. 0. 0. 0. 0. 0.][0. 0. 1. 0.]
[1. 0. 0. 1. 1. 0. 0. 1. 1. 0. 1. 0. 0. 0. 1. 0. 0. 0. 0. 1. 0.][1. 0. 0. 0. 1. 0. 0. 0. 0. 0. 0. 0. 1. 0. 0. 0. 0. 0. 0. 0. 0.][0. 0. 1. 0.]
[1. 0. 1. 0. 0. 1. 0. 0. 0. 0. 0. 0. 0. 0. 0. 0. 1. 0. 1. 0. 0.][0. 0. 0. 0. 0. 0. 1. 0. 0. 0. 0. 0. 0. 0. 1. 1. 0. 0. 1. 1. 1.][1. 0. 0. 0.]
[0. 0. 0. 1. 1. 1. 0. 0. 0. 0. 0. 0. 0. 0. 0. 0. 1. 0. 1. 0. 0.][0. 0. 0. 0. 0. 0. 0. 0. 0. 0. 0. 0. 0. 0. 1. 1. 0. 1. 1. 1. 1.][0.47267512 0.         0.52732488 0.        ]
[1. 0. 1. 0. 0. 0. 1. 1. 1. 0. 1. 0. 0. 0. 0. 1. 1. 0. 0. 0. 0.][0. 0. 0. 0. 0. 0. 0. 0. 0. 0. 0. 1. 0. 0. 0. 0. 0. 0. 1. 0. 1.][0.5643963 0.4356037 0.        0.       ]
[1. 1. 1. 0. 0. 0. 0. 0. 0. 0. 0. 0. 0. 0. 0. 1. 1. 0. 1. 0. 0.][0. 0. 0. 0. 0. 0. 1. 0. 0. 0. 0. 0. 0. 0. 1. 0. 1. 1. 1. 0. 0.][1. 0. 0. 0.]
[0. 0. 0. 0. 1. 0. 1. 0. 0. 0. 0. 0. 0. 1. 0. 1. 1. 0. 0. 0. 1.][0. 0. 0. 0. 0. 0. 0. 0. 0. 0. 0. 0. 0. 0. 1. 0. 1. 1. 1. 1. 0.][1. 0. 0. 0.]
