20,2,100
[0. 0. 0. 0. 0. 1. 1. 0. 0. 0. 1. 0. 1. 0. 1. 0. 0. 0. 0. 1. 0.][0. 0. 0. 0. 0. 0. 0. 0. 0. 0. 1. 1. 0. 1. 0. 0. 0. 1. 0. 0. 1.][0.35176368 0.64823632 0.         0.        ]
[0. 0. 0. 0. 0. 0. 1. 0. 0. 1. 0. 0. 0. 0. 1. 0. 0. 0. 0. 1. 1.][1. 0. 0. 0. 1. 0. 0. 1. 0. 0. 0. 0. 1. 0. 1. 0. 0. 0. 0. 0. 1.][0.         0.56811913 0.         0.43188087]
[0. 0. 0. 0. 0. 0. 0. 0. 0. 0. 0. 0. 0. 0. 1. 0. 0. 0. 0. 1. 1.][1. 0. 0. 1. 0. 0. 0. 1. 1. 0. 0. 1. 0. 0. 0. 1. 0. 1. 1. 0. 0.][0. 0. 1. 0.]
[0. 0. 0. 0. 0. 0. 0. 0. 0. 0. 0. 0. 0. 0. 1. 1. 0. 0. 1. 0. 0.][0. 1. 0. 0. 0. 1. 1. 1. 1. 0. 0. 0. 0. 0. 0. 0. 1. 0. 0. 1. 1.][0. 0. 0. 1.]
[0. 0. 0. 0. 0. 0. 0. 1. 0. 1. 1. 1. 0. 0. 1. 1. 0. 0. 0. 1. 0.][0. 1. 0. 1. 0. 0. 0. 0. 0. 0. 0. 0. 0. 0. 0. 0. 1. 1. 0. 0. 0.][0.         0.59140143 0.40859857 0.        ]
[0. 0. 0. 0. 0. 0. 0. 0. 0. 0. 0. 0. 0. 0. 1. 1. 1. 0. 1. 1. 0.][0. 0. 1. 1. 1. 0. 0. 0. 0. 0. 0. 0. 0. 0. 0. 0. 1. 0. 0. 1. 1.][0.         0.49519343 0.         0.50480657]
[0. 0. 0. 0. 0. 0. 0. 1. 0. 0. 1. 0. 0. 0. 0. 1. 0. 0. 0. 1. 0.][0. 0. 0. 0. 0. 1. 0. 1. 1. 1. 0. 0. 0. 0. 0. 0. 1. 1. 0. 0. 1.][1. 0. 0. 0.]
[0. 0. 0. 0. 0. 0. 0. 0. 0. 0. 0. 1. 0. 0. 0. 0. 1. 1. 1. 1. 0.][0. 0. 1. 1. 1. 0. 1. 0. 0. 0. 0. 0. 0. 1. 0. 0. 0. 0. 1. 0. 0.][1. 0. 0. 0.]
[0. 0. 0. 0. 0. 0. 0. 0. 0. 0. 0. 0. 0. 0. 0. 0. 1. 1. 1. 0. 0.][0. 1. 0. 0. 0. 1. 0. 1. 0. 0. 1. 0. 1. 0. 1. 0. 0. 0. 1. 1. 0.][0.45857895 0.26889584 0.         0.27252521]
[0. 0. 0. 0. 0. 0. 0. 0. 0. 0. 0. 0. 0. 0. 0. 0. 1. 1. 1. 0. 0.][0. 0. 0. 0. 0. 0. 0. 1. 1. 1. 0. 1. 0. 0. 1. 1. 0. 1. 1. 0. 0.][1. 0. 0. 0.]
[0. 1. 0. 0. 0. 0. 0. 0. 1. 0. 0. 0. 1. 1. 1. 0. 1. 1. 1. 1. 0.][0. 1. 0. 0. 0. 0. 0. 0. 0. 0. 0. 0. 0. 0. 0. 1. 0. 0. 0. 0. 0.][0. 0. 1. 0.]
[0. 0. 0. 0. 0. 0. 0. 0. 0. 0. 0. 0. 0. 0. 1. 0. 0. 0. 0. 1. 0.][0. 0. 0. 1. 0. 1. 1. 1. 1. 0. 0. 1. 0. 0. 0. 0. 0. 1. 1. 1. 0.][0.57023682 0.         0.         0.42976318]
[1. 0. 0. 1. 0. 1. 1. 0. 0. 0. 1. 1. 0. 0. 1. 0. 0. 0. 0. 0. 0.][0. 0. 1. 0. 0. 0. 0. 0. 0. 0. 0. 1. 0. 0. 0. 0. 0. 1. 0. 0. 1.][0. 1. 0. 0.]
[1. 0. 0. 0. 0. 1. 1. 1. 0. 1. 0. 0. 0. 0. 0. 0. 0. 0. 0. 0. 1.][1. 0. 0. 1. 0. 0. 0. 1. 1. 0. 0. 1. 0. 0. 0. 0. 0. 0. 0. 0. 0.][0.         0.         0.42083779 0.57916221]
[1. 0. 0. 0. 0. 0. 0. 1. 0. 0. 1. 0. 0. 0. 0. 1. 0. 0. 0. 0. 0.][0. 0. 0. 0. 1. 1. 1. 1. 1. 0. 1. 0. 0. 0. 0. 0. 1. 0. 0. 0. 0.][1. 0. 0. 0.]
[1. 0. 0. 0. 0. 0. 0. 1. 0. 1. 1. 1. 0. 0. 0. 0. 0. 0. 0. 0. 1.][1. 0. 0. 1. 0. 1. 0. 0. 0. 0. 0. 0. 0. 0. 0. 0. 1. 1. 0. 0. 0.][0.         0.55241753 0.44758247 0.        ]
[1. 0. 0. 0. 0. 0. 0. 1. 0. 1. 0. 0. 0. 0. 0. 1. 0. 0. 0. 0. 0.][1. 0. 1. 1. 1. 1. 0. 0. 0. 1. 0. 0. 0. 0. 0. 0. 0. 0. 0. 0. 1.][0.         0.38482039 0.         0.61517961]
[1. 0. 1. 1. 0. 1. 0. 1. 0. 1. 1. 1. 0. 0. 0. 0. 0. 0. 0. 0. 0.][0. 0. 0. 0. 0. 1. 0. 1. 1. 0. 0. 0. 0. 0. 0. 0. 0. 0. 0. 0. 0.][0.         0.         0.40150684 0.59849316]
[1. 0. 0. 0. 0. 0. 0. 0. 0. 0. 0. 1. 0. 0. 0. 0. 0. 0. 1. 0. 0.][0. 0. 0. 1. 1. 1. 0. 0. 0. 0. 1. 0. 1. 0. 1. 0. 0. 0. 1. 1. 0.][1. 0. 0. 0.]
[1. 0. 0. 0. 0. 0. 0. 0. 0. 0. 0. 1. 0. 0. 0. 0. 0. 0. 0. 0. 0.][0. 0. 1. 1. 0. 1. 0. 0. 1. 1. 0. 1. 0. 0. 1. 0. 0. 1. 1. 0. 0.][0.57439517 0.         0.         0.42560483]
