20,2,500
[0. 0. 0. 1. 0. 0. 1. 0. 1. 1. 0. 0. 1. 1. 0. 0. 0. 1. 1. 0. 0.][0. 0. 0. 0. 0. 0. 0. 0. 0. 1. 0. 0. 0. 0. 0. 1. 0. 1. 0. 0. 0.][1. 0. 0. 0.]
[0. 0. 0. 0. 0. 0. 0. 0. 0. 0. 0. 0. 1. 1. 0. 0. 0. 1. 1. 0. 0.][0. 0. 1. 0. 0. 0. 0. 1. 1. 1. 0. 1. 1. 0. 0. 1. 0. 0. 0. 0. 0.][0. 0. 0. 1.]
[0. 0. 0. 0. 0. 0. 1. 0. 1. 0. 0. 0. 1. 1. 0. 0. 0. 1. 0. 0. 1.][0. 0. 0. 1. 1. 0. 0. 0. 0. 0. 0. 0. 0. 0. 0. 1. 0. 1. 0. 0. 1.][1. 0. 0. 0.]
[0. 0. 0. 0. 0. 0. 0. 0. 0. 0. 0. 0. 0. 1. 1. 0. 1. 0. 0. 0. 0.][0. 1. 0. 1. 1. 0. 0. 0. 1. 0. 0. 1. 0. 1. 0. 0. 1. 1. 0. 0. 0.][0. 0. 0. 1.]
[0. 0. 0. 0. 0. 0. 0. 0. 0. 0. 0. 0. 0. 1. 0. 0. 0. 1. 0. 0. 0.][1. 1. 1. 0. 0. 0. 0. 1. 0. 1. 0. 0. 1. 0. 0. 1. 1. 1. 0. 0. 0.][0. 1. 0. 0.]
[0. 0. 0. 0. 0. 0. 0. 0. 0. 1. 0. 0. 0. 1. 1. 0. 0. 1. 0. 0. 1.][1. 0. 0. 0. 0. 0. 0. 0. 0. 1. 0. 0. 1. 0. 0. 0. 1. 1. 0. 1. 0.][0.63100513 0.         0.         0.36899487]
[0. 1. 0. 0. 0. 0. 1. 0. 0. 0. 0. 0. 0. 1. 0. 0. 0. 1. 1. 1. 0.][0. 0. 0. 1. 0. 0. 0. 0. 0. 0. 0. 0. 0. 1. 0. 0. 1. 1. 0. 1. 0.][0. 1. 0. 0.]
[0. 0. 0. 0. 0. 0. 0. 0. 0. 0. 0. 0. 0. 0. 1. 1. 1. 1. 0. 0. 0.][0. 0. 0. 0. 1. 1. 1. 0. 0. 0. 1. 1. 0. 0. 1. 0. 0. 1. 0. 0. 0.][0.27903128 0.         0.72096872 0.        ]
[0. 0. 0. 0. 0. 0. 0. 0. 0. 0. 0. 0. 0. 0. 1. 1. 1. 0. 0. 0. 0.][0. 0. 0. 0. 0. 1. 1. 0. 0. 1. 1. 1. 0. 0. 1. 1. 0. 0. 0. 0. 1.][1. 0. 0. 0.]
[0. 1. 0. 0. 0. 0. 0. 1. 0. 0. 1. 1. 1. 0. 1. 1. 1. 1. 0. 0. 0.][0. 0. 0. 0. 0. 0. 0. 0. 0. 0. 0. 0. 0. 0. 1. 0. 0. 0. 1. 0. 0.][0.         0.68211643 0.         0.31788357]
[0. 0. 1. 0. 1. 1. 0. 0. 1. 0. 0. 1. 1. 0. 0. 1. 1. 1. 0. 0. 0.][0. 0. 0. 0. 0. 0. 0. 0. 0. 0. 0. 0. 0. 1. 0. 0. 0. 0. 1. 0. 0.][0.2837977 0.        0.        0.7162023]
[0. 0. 0. 0. 0. 0. 0. 0. 0. 0. 0. 0. 1. 1. 0. 0. 1. 1. 0. 0. 0.][0. 0. 0. 1. 1. 1. 0. 1. 1. 0. 0. 0. 0. 0. 0. 0. 0. 1. 1. 0. 0.][0.42646431 0.57353569 0.         0.        ]
[1. 0. 0. 1. 0. 1. 1. 0. 1. 1. 0. 0. 0. 0. 0. 0. 0. 0. 1. 0. 0.][0. 0. 0. 0. 0. 0. 0. 0. 0. 1. 0. 0. 0. 0. 0. 0. 0. 1. 0. 1. 1.][0.57384548 0.         0.         0.42615452]
[1. 0. 0. 0. 0. 1. 1. 0. 1. 0. 0. 0. 0. 0. 0. 0. 0. 0. 0. 1. 1.][1. 0. 0. 0. 1. 0. 0. 1. 1. 0. 0. 0. 0. 0. 0. 0. 0. 1. 0. 0. 0.][0.53092819 0.46907181 0.         0.        ]
[1. 0. 0. 0. 0. 0. 0. 0. 0. 0. 0. 0. 0. 0. 0. 0. 1. 0. 1. 0. 1.][1. 0. 1. 0. 0. 0. 0. 1. 1. 0. 1. 1. 0. 0. 1. 0. 0. 0. 0. 0. 0.][1. 0. 0. 0.]
[1. 0. 0. 0. 0. 0. 0. 0. 0. 1. 0. 0. 0. 0. 0. 0. 1. 0. 1. 0. 1.][0. 0. 1. 0. 0. 1. 1. 0. 0. 0. 0. 1. 0. 0. 1. 0. 0. 0. 0. 0. 1.][0.29130649 0.         0.70869351 0.        ]
[0. 0. 0. 1. 1. 1. 0. 0. 0. 0. 0. 0. 0. 0. 0. 1. 0. 1. 0. 0. 0.][0. 0. 0. 0. 0. 0. 0. 0. 0. 0. 0. 0. 0. 0. 1. 1. 1. 1. 0. 1. 1.][0.30721404 0.69278596 0.         0.        ]
[1. 0. 0. 0. 0. 0. 0. 0. 0. 1. 0. 0. 0. 0. 1. 0. 0. 0. 1. 1. 1.][0. 0. 0. 0. 0. 0. 0. 0. 0. 0. 1. 1. 0. 0. 0. 0. 0. 0. 1. 1. 1.][0. 1. 0. 0.]
[0. 0. 1. 0. 0. 1. 0. 1. 1. 0. 1. 0. 1. 0. 0. 0. 1. 1. 0. 0. 0.][0. 1. 0. 1. 0. 0. 0. 0. 0. 0. 0. 0. 0. 0. 0. 0. 0. 0. 0. 0. 1.][0.40802971 0.59197029 0.         0.        ]
[1. 0. 1. 0. 0. 0. 1. 0. 1. 0. 0. 0. 0. 0. 0. 0. 0. 0. 0. 1. 1.][0. 0. 1. 0. 1. 0. 0. 1. 1. 0. 0. 0. 0. 0. 0. 0. 0. 0. 0. 1. 0.][0.59274274 0.40725726 0.         0.        ]
