20,2,20
[0. 0. 0. 0. 0. 1. 1. 1. 0. 1. 0. 0. 1. 1. 1. 0. 0. 0. 0. 1. 1.][0. 0. 0. 0. 0. 1. 0. 0. 0. 0. 0. 0. 1. 0. 0. 0. 0. 0. 0. 0. 0.][0. 0. 1. 0.]
[0. 0. 0. 0. 0. 1. 0. 0. 0. 0. 0. 1. 0. 0. 1. 0. 0. 0. 0. 0. 0.][1. 1. 0. 1. 0. 0. 0. 0. 1. 0. 0. 0. 1. 1. 0. 1. 1. 0. 0. 0. 0.][0.         0.33776056 0.         0.66223944]
[0. 0. 0. 0. 0. 0. 1. 0. 1. 0. 0. 0. 0. 0. 1. 0. 0. 0. 0. 1. 1.][0. 0. 0. 1. 0. 0. 1. 0. 0. 0. 0. 0. 0. 1. 0. 0. 1. 1. 0. 1. 0.][1. 0. 0. 0.]
[0. 0. 0. 0. 0. 0. 0. 0. 0. 0. 0. 0. 0. 0. 0. 1. 1. 0. 1. 0. 0.][0. 0. 0. 0. 0. 0. 0. 1. 0. 1. 1. 1. 0. 1. 0. 0. 1. 1. 1. 0. 0.][0. 0. 0. 1.]
[0. 0. 0. 0. 0. 0. 0. 0. 0. 0. 0. 1. 0. 0. 0. 1. 1. 0. 1. 1. 0.][1. 1. 0. 0. 0. 0. 0. 1. 0. 0. 0. 1. 0. 0. 0. 1. 0. 1. 0. 0. 0.][0.54349513 0.         0.         0.45650487]
[0. 0. 0. 0. 0. 0. 0. 0. 0. 0. 0. 0. 0. 0. 0. 1. 1. 0. 0. 1. 0.][0. 1. 0. 1. 0. 0. 0. 0. 0. 0. 0. 1. 0. 1. 0. 1. 1. 1. 1. 0. 0.][0.60223091 0.         0.39776909 0.        ]
[0. 0. 0. 0. 0. 0. 1. 1. 0. 0. 0. 1. 0. 0. 0. 1. 1. 0. 0. 1. 0.][0. 0. 0. 0. 0. 0. 0. 0. 0. 1. 0. 0. 1. 0. 0. 1. 1. 0. 1. 0. 0.][0.47940195 0.         0.         0.52059805]
[0. 0. 0. 0. 0. 0. 0. 0. 0. 0. 0. 0. 0. 0. 0. 0. 1. 1. 1. 0. 1.][0. 0. 0. 0. 1. 0. 0. 0. 0. 0. 1. 1. 1. 0. 1. 1. 0. 1. 0. 0. 0.][0.62847902 0.         0.37152098 0.        ]
[0. 0. 0. 0. 0. 0. 0. 0. 0. 0. 0. 0. 0. 0. 0. 0. 0. 1. 1. 1. 0.][0. 0. 0. 0. 0. 0. 0. 0. 1. 1. 0. 1. 1. 0. 1. 1. 0. 0. 0. 1. 1.][1. 0. 0. 0.]
[0. 0. 0. 0. 0. 0. 0. 0. 0. 0. 0. 0. 0. 0. 0. 0. 1. 1. 1. 0. 0.][0. 0. 1. 0. 0. 0. 0. 0. 0. 1. 1. 1. 0. 1. 1. 1. 0. 0. 0. 0. 1.][1. 0. 0. 0.]
[0. 0. 0. 0. 0. 0. 0. 0. 0. 0. 1. 0. 1. 1. 1. 1. 1. 1. 1. 1. 0.][0. 0. 0. 0. 0. 0. 0. 0. 1. 0. 0. 0. 0. 0. 1. 0. 0. 0. 0. 0. 0.][0.27232737 0.         0.42770814 0.29996449]
[0. 0. 0. 0. 0. 0. 0. 0. 0. 0. 0. 0. 0. 0. 1. 0. 0. 0. 0. 0. 1.][0. 0. 1. 0. 0. 0. 1. 1. 1. 0. 0. 1. 1. 1. 0. 1. 0. 0. 0. 1. 0.][0. 0. 0. 1.]
[1. 0. 0. 1. 0. 1. 1. 1. 0. 1. 0. 0. 0. 0. 0. 0. 0. 0. 0. 0. 0.][1. 0. 0. 0. 0. 1. 0. 0. 1. 0. 0. 0. 1. 0. 0. 0. 0. 0. 0. 0. 1.][0. 0. 1. 0.]
[0. 0. 0. 0. 0. 0. 0. 1. 1. 0. 0. 1. 0. 0. 0. 0. 0. 0. 0. 0. 0.][1. 1. 0. 1. 1. 0. 0. 0. 1. 0. 0. 0. 0. 1. 0. 0. 0. 0. 1. 1. 0.][1. 0. 0. 0.]
[1. 0. 0. 1. 1. 0. 1. 0. 1. 1. 0. 0. 0. 0. 0. 0. 0. 0. 0. 0. 0.][1. 0. 0. 0. 0. 0. 1. 0. 1. 0. 0. 0. 0. 1. 0. 0. 0. 0. 0. 1. 0.][0.         0.         0.33549225 0.66450775]
[0. 0. 0. 0. 0. 0. 0. 1. 0. 0. 0. 1. 0. 0. 0. 0. 0. 0. 0. 0. 0.][1. 0. 1. 0. 1. 1. 0. 0. 0. 0. 0. 0. 0. 1. 0. 1. 1. 1. 1. 0. 0.][0.         0.47755103 0.52244897 0.        ]
[1. 0. 0. 0. 0. 1. 1. 0. 0. 1. 0. 0. 0. 0. 0. 0. 0. 0. 0. 0. 0.][1. 0. 1. 0. 0. 0. 0. 0. 0. 1. 1. 0. 0. 1. 0. 0. 0. 1. 1. 0. 0.][0. 0. 0. 1.]
[0. 0. 0. 0. 0. 0. 0. 0. 0. 0. 0. 0. 0. 0. 0. 0. 0. 0. 0. 0. 0.][0. 1. 1. 1. 0. 1. 0. 0. 0. 0. 0. 1. 0. 1. 0. 1. 1. 1. 1. 0. 1.][0.33855705 0.33723395 0.         0.324209  ]
[0. 1. 1. 0. 1. 0. 0. 0. 1. 0. 0. 0. 0. 0. 0. 0. 0. 0. 1. 1. 1.][1. 0. 0. 0. 1. 0. 0. 0. 0. 0. 0. 0. 0. 0. 0. 0. 1. 0. 0. 0. 1.][0. 1. 0. 0.]
[1. 0. 1. 1. 0. 0. 0. 0. 1. 0. 0. 1. 0. 1. 0. 0. 0. 0. 0. 0. 0.][0. 0. 0. 0. 0. 0. 1. 0. 1. 0. 0. 0. 0. 0. 1. 0. 1. 0. 0. 0. 1.][1. 0. 0. 0.]
