20,2,500
[0. 0. 0. 0. 0. 1. 1. 0. 0. 1. 0. 1. 0. 0. 0. 0. 1. 1. 0. 0. 0.][0. 1. 0. 0. 0. 0. 0. 0. 0. 0. 1. 0. 0. 1. 1. 0. 0. 0. 0. 0. 1.][0.31160428 0.68839572 0.         0.        ]
[0. 0. 0. 0. 0. 0. 0. 0. 0. 0. 0. 1. 0. 0. 0. 0. 1. 0. 0. 1. 0.][1. 1. 0. 0. 0. 0. 0. 0. 1. 0. 1. 1. 0. 0. 1. 0. 0. 0. 0. 1. 1.][0. 1. 0. 0.]
[0. 0. 0. 0. 0. 0. 0. 1. 0. 0. 0. 1. 0. 0. 0. 0. 1. 0. 0. 1. 0.][0. 1. 0. 1. 0. 0. 0. 0. 0. 1. 1. 0. 0. 0. 1. 0. 0. 0. 1. 0. 1.][0.65309932 0.34690068 0.         0.        ]
[0. 0. 0. 0. 0. 0. 0. 0. 0. 0. 0. 1. 1. 0. 0. 1. 0. 0. 0. 0. 1.][0. 0. 0. 0. 0. 1. 1. 0. 1. 0. 0. 1. 1. 1. 0. 0. 1. 0. 0. 0. 0.][0. 0. 1. 0.]
[0. 0. 0. 0. 0. 0. 0. 0. 0. 0. 0. 1. 1. 0. 0. 0. 1. 1. 0. 1. 1.][1. 1. 0. 0. 0. 0. 0. 0. 1. 0. 0. 0. 0. 0. 1. 0. 0. 0. 0. 0. 1.][0.34404746 0.30512197 0.35083057 0.        ]
[0. 0. 0. 0. 0. 0. 0. 0. 0. 0. 0. 1. 1. 0. 0. 0. 1. 0. 0. 0. 0.][1. 1. 0. 0. 0. 0. 0. 0. 1. 0. 1. 1. 0. 1. 1. 0. 0. 0. 0. 0. 1.][0.50484084 0.         0.         0.49515916]
[0. 0. 0. 0. 0. 0. 0. 1. 0. 0. 0. 1. 1. 0. 0. 1. 1. 1. 0. 0. 0.][0. 0. 0. 0. 0. 1. 0. 0. 0. 0. 0. 1. 0. 1. 1. 0. 0. 0. 0. 0. 1.][0. 1. 0. 0.]
[0. 0. 0. 0. 0. 0. 0. 0. 0. 0. 0. 0. 0. 1. 0. 1. 1. 0. 0. 0. 0.][0. 0. 1. 0. 1. 0. 0. 1. 0. 1. 1. 1. 1. 0. 1. 0. 0. 0. 0. 0. 0.][0. 0. 1. 0.]
[1. 1. 1. 0. 0. 1. 0. 0. 0. 0. 1. 1. 1. 1. 1. 0. 0. 0. 0. 1. 0.][0. 0. 0. 0. 0. 0. 0. 0. 0. 0. 0. 0. 0. 0. 0. 1. 0. 0. 0. 0. 0.][0.35093036 0.         0.30868049 0.34038915]
[0. 1. 0. 0. 0. 0. 0. 0. 1. 1. 1. 1. 1. 1. 1. 1. 1. 0. 0. 0. 0.][0. 0. 0. 0. 0. 0. 0. 0. 0. 0. 0. 0. 0. 0. 0. 0. 0. 0. 0. 1. 0.][0.         0.66413831 0.33586169 0.        ]
[0. 0. 1. 0. 0. 1. 1. 0. 0. 0. 1. 0. 1. 1. 0. 1. 0. 0. 1. 0. 0.][0. 0. 0. 0. 0. 0. 0. 0. 0. 0. 0. 0. 0. 0. 0. 1. 0. 1. 0. 0. 1.][0. 1. 0. 0.]
[1. 0. 0. 0. 0. 1. 1. 0. 0. 0. 0. 1. 0. 0. 0. 0. 0. 1. 0. 0. 0.][0. 0. 0. 0. 0. 0. 0. 0. 1. 0. 1. 0. 0. 1. 1. 0. 0. 0. 1. 0. 1.][0.45691365 0.25843535 0.284651   0.        ]
[1. 0. 0. 0. 0. 0. 0. 0. 0. 0. 0. 1. 0. 0. 0. 0. 0. 0. 0. 0. 0.][1. 1. 0. 0. 0. 0. 0. 0. 1. 0. 1. 1. 1. 1. 0. 0. 1. 0. 0. 0. 1.][0.         0.64922058 0.         0.35077942]
[1. 0. 0. 1. 0. 0. 0. 1. 0. 0. 0. 0. 0. 0. 0. 0. 0. 0. 1. 1. 0.][0. 1. 0. 1. 0. 0. 0. 0. 0. 0. 0. 0. 1. 0. 1. 0. 1. 0. 0. 0. 1.][0. 0. 1. 0.]
[1. 0. 0. 1. 1. 1. 0. 0. 0. 0. 1. 0. 1. 0. 1. 0. 0. 0. 0. 0. 0.][0. 0. 0. 0. 0. 0. 0. 0. 0. 0. 0. 0. 0. 1. 1. 0. 0. 0. 1. 1. 0.][0. 1. 0. 0.]
[0. 0. 1. 1. 1. 0. 0. 0. 0. 0. 0. 0. 0. 0. 1. 0. 1. 0. 0. 0. 0.][0. 0. 0. 0. 0. 0. 0. 0. 1. 0. 0. 0. 0. 1. 1. 0. 1. 0. 1. 1. 0.][0.         0.47043245 0.52956755 0.        ]
[1. 0. 0. 0. 0. 0. 0. 0. 0. 0. 0. 0. 0. 1. 1. 0. 0. 0. 0. 0. 0.][0. 0. 0. 0. 0. 0. 0. 1. 0. 1. 0. 1. 0. 0. 1. 1. 0. 1. 0. 1. 1.][0.         0.65340682 0.34659318 0.        ]
[1. 0. 1. 0. 0. 0. 1. 0. 0. 0. 0. 0. 0. 1. 1. 0. 0. 1. 1. 0. 0.][0. 0. 0. 0. 0. 0. 0. 0. 0. 1. 0. 0. 0. 1. 0. 0. 0. 0. 1. 0. 1.][0.54973024 0.45026976 0.         0.        ]
[1. 1. 1. 0. 0. 0. 0. 0. 0. 0. 0. 0. 0. 1. 0. 1. 1. 0. 0. 0. 0.][0. 0. 0. 0. 0. 0. 0. 0. 0. 0. 0. 1. 0. 0. 0. 1. 1. 1. 0. 1. 0.][0.56571907 0.43428093 0.         0.        ]
[1. 1. 1. 0. 0. 0. 0. 0. 1. 1. 0. 0. 1. 0. 0. 0. 1. 1. 0. 0. 0.][0. 0. 0. 0. 0. 0. 0. 0. 0. 0. 0. 0. 1. 0. 0. 0. 0. 1. 0. 0. 1.][0. 1. 0. 0.]
