20,2,50
[0. 0. 0. 0. 0. 1. 1. 0. 0. 0. 1. 0. 0. 1. 0. 0. 0. 0. 1. 1. 0.][0. 0. 0. 0. 0. 0. 0. 0. 0. 1. 0. 0. 0. 0. 1. 0. 1. 1. 1. 0. 0.][1. 0. 0. 0.]
[0. 0. 0. 0. 0. 0. 0. 0. 0. 0. 0. 0. 0. 1. 0. 0. 0. 0. 0. 0. 1.][0. 0. 0. 0. 1. 1. 1. 0. 1. 1. 0. 1. 1. 0. 1. 0. 0. 1. 0. 0. 0.][0.        0.3475528 0.6524472 0.       ]
[0. 0. 0. 0. 0. 1. 1. 0. 0. 0. 0. 0. 0. 1. 0. 0. 0. 0. 1. 0. 1.][0. 1. 1. 1. 0. 0. 0. 0. 0. 0. 0. 0. 0. 1. 0. 0. 0. 1. 0. 1. 0.][0.46736924 0.53263076 0.         0.        ]
[0. 0. 0. 0. 0. 0. 0. 0. 0. 0. 0. 0. 0. 1. 1. 0. 0. 0. 0. 0. 0.][1. 0. 0. 0. 1. 0. 1. 1. 1. 1. 0. 0. 1. 1. 0. 0. 0. 0. 1. 0. 0.][0. 1. 0. 0.]
[0. 0. 0. 0. 0. 0. 0. 0. 0. 0. 1. 0. 0. 1. 1. 0. 0. 0. 1. 0. 1.][1. 1. 0. 1. 0. 0. 0. 0. 0. 0. 0. 1. 0. 0. 1. 0. 0. 0. 1. 0. 0.][0.         0.27042914 0.         0.72957086]
[0. 0. 0. 0. 0. 0. 0. 0. 0. 0. 0. 0. 0. 1. 1. 0. 0. 0. 1. 0. 1.][0. 0. 0. 0. 1. 0. 1. 0. 0. 0. 0. 1. 1. 0. 1. 0. 1. 0. 1. 0. 0.][0.         0.32937264 0.         0.67062736]
[0. 0. 0. 0. 0. 0. 0. 0. 1. 0. 1. 0. 0. 1. 1. 1. 0. 0. 1. 0. 0.][0. 0. 0. 1. 0. 0. 0. 1. 1. 1. 0. 0. 0. 0. 0. 0. 0. 0. 1. 0. 0.][0. 0. 0. 1.]
[0. 0. 0. 0. 0. 0. 0. 0. 0. 0. 0. 0. 0. 0. 0. 1. 1. 1. 0. 0. 0.][0. 0. 0. 0. 0. 0. 0. 1. 1. 0. 1. 1. 1. 1. 0. 0. 1. 0. 0. 0. 1.][0. 0. 1. 0.]
[0. 0. 0. 0. 0. 0. 0. 0. 0. 0. 0. 0. 0. 0. 0. 1. 1. 1. 0. 0. 0.][1. 0. 0. 0. 0. 0. 0. 1. 1. 1. 0. 1. 0. 1. 0. 0. 1. 0. 0. 0. 1.][0.         0.48296204 0.51703796 0.        ]
[0. 0. 0. 0. 0. 0. 0. 0. 0. 0. 0. 0. 0. 0. 0. 1. 1. 1. 0. 0. 0.][0. 0. 1. 0. 0. 0. 0. 1. 1. 0. 0. 1. 1. 0. 1. 1. 0. 1. 0. 0. 0.][1. 0. 0. 0.]
[0. 1. 1. 0. 1. 0. 0. 0. 1. 0. 0. 0. 1. 0. 1. 0. 0. 1. 1. 0. 0.][0. 0. 0. 1. 0. 0. 0. 0. 0. 0. 0. 0. 0. 0. 0. 0. 0. 0. 1. 1. 0.][0.         0.51842945 0.48157055 0.        ]
[0. 0. 0. 0. 0. 0. 0. 0. 0. 0. 0. 0. 0. 1. 1. 0. 0. 0. 1. 0. 0.][1. 0. 1. 0. 0. 1. 0. 0. 0. 0. 0. 0. 1. 0. 0. 1. 1. 1. 1. 0. 0.][0.51545218 0.         0.         0.48454782]
[0. 0. 0. 0. 0. 0. 0. 0. 0. 0. 0. 0. 0. 0. 0. 0. 0. 0. 0. 1. 1.][0. 1. 0. 0. 1. 1. 1. 0. 0. 1. 1. 0. 1. 0. 1. 0. 0. 1. 0. 0. 0.][0.         0.45690167 0.         0.54309833]
[1. 0. 0. 0. 0. 1. 1. 0. 0. 0. 0. 0. 0. 0. 0. 0. 0. 0. 0. 0. 0.][0. 1. 1. 0. 1. 1. 1. 0. 1. 1. 0. 0. 0. 0. 0. 0. 0. 0. 1. 0. 0.][0. 0. 1. 0.]
[0. 0. 0. 0. 0. 1. 0. 0. 1. 0. 1. 0. 0. 0. 0. 0. 0. 0. 0. 0. 1.][0. 1. 0. 1. 1. 1. 0. 0. 0. 0. 0. 1. 0. 0. 1. 0. 0. 0. 1. 0. 0.][0.27085692 0.         0.         0.72914308]
[1. 0. 0. 0. 0. 0. 1. 0. 0. 0. 1. 0. 0. 0. 0. 0. 0. 0. 0. 1. 1.][0. 0. 0. 1. 1. 1. 0. 0. 0. 0. 0. 1. 1. 0. 1. 0. 0. 0. 0. 0. 0.][0.         0.40731456 0.         0.59268544]
[1. 0. 0. 0. 1. 1. 1. 0. 1. 0. 1. 0. 0. 0. 0. 0. 0. 0. 0. 1. 0.][0. 0. 0. 0. 1. 0. 1. 0. 0. 1. 0. 0. 0. 0. 0. 0. 0. 0. 1. 0. 0.][0.30371527 0.39257834 0.30370638 0.        ]
[1. 0. 0. 0. 0. 0. 0. 0. 0. 0. 0. 0. 0. 0. 0. 0. 0. 0. 0. 1. 0.][0. 1. 1. 0. 0. 1. 0. 1. 1. 0. 0. 0. 1. 0. 0. 1. 0. 1. 0. 0. 1.][0.713954 0.       0.       0.286046]
[1. 0. 0. 0. 0. 0. 0. 0. 0. 0. 0. 0. 0. 0. 0. 1. 0. 0. 0. 0. 0.][0. 0. 0. 0. 0. 0. 1. 0. 1. 0. 1. 1. 1. 1. 1. 0. 0. 1. 0. 0. 1.][0.         0.59714646 0.40285354 0.        ]
[1. 0. 1. 0. 0. 1. 1. 0. 1. 1. 0. 0. 0. 0. 0. 1. 0. 0. 0. 0. 0.][0. 0. 0. 0. 0. 0. 0. 0. 0. 0. 0. 0. 0. 1. 1. 0. 0. 0. 1. 0. 1.][0.40837926 0.         0.         0.59162074]
