20,2,100
[0. 0. 0. 0. 1. 0. 0. 0. 0. 1. 0. 0. 1. 0. 0. 0. 0. 1. 0. 1. 0.][1. 0. 1. 0. 0. 0. 0. 0. 0. 0. 1. 1. 0. 0. 1. 1. 0. 0. 0. 0. 0.][0. 1. 0. 0.]
[0. 0. 0. 0. 0. 0. 0. 0. 0. 1. 0. 0. 1. 0. 0. 0. 0. 1. 1. 0. 0.][0. 0. 1. 0. 0. 0. 0. 0. 0. 0. 1. 1. 1. 0. 1. 0. 1. 0. 1. 0. 0.][0. 1. 0. 0.]
[0. 0. 0. 1. 0. 1. 0. 0. 0. 0. 0. 0. 1. 0. 0. 0. 0. 1. 0. 0. 1.][0. 0. 1. 1. 0. 1. 1. 0. 1. 0. 0. 0. 0. 0. 1. 0. 0. 0. 0. 0. 0.][0. 1. 0. 0.]
[0. 0. 0. 0. 0. 0. 0. 0. 0. 0. 0. 0. 0. 1. 0. 0. 1. 0. 0. 0. 1.][1. 0. 1. 1. 0. 1. 1. 0. 0. 0. 0. 0. 0. 0. 1. 0. 1. 1. 0. 0. 0.][0.60370548 0.         0.39629452 0.        ]
[0. 0. 0. 0. 0. 0. 1. 0. 0. 1. 0. 0. 0. 1. 0. 0. 0. 1. 0. 0. 1.][1. 1. 0. 0. 0. 0. 0. 0. 0. 0. 1. 1. 0. 0. 1. 0. 0. 0. 0. 0. 1.][0. 0. 1. 0.]
[0. 0. 0. 0. 0. 0. 0. 0. 0. 0. 0. 0. 0. 1. 0. 0. 0. 1. 0. 0. 0.][0. 1. 1. 0. 1. 0. 0. 0. 0. 0. 1. 1. 1. 1. 1. 0. 0. 1. 0. 0. 0.][0.35588155 0.         0.64411845 0.        ]
[0. 0. 0. 0. 0. 0. 1. 0. 0. 1. 0. 0. 0. 1. 0. 0. 1. 1. 0. 0. 0.][0. 0. 0. 1. 0. 1. 0. 0. 0. 1. 0. 0. 0. 0. 1. 0. 0. 0. 1. 0. 1.][0.37179495 0.         0.62820505 0.        ]
[0. 0. 0. 0. 0. 0. 0. 0. 0. 0. 0. 0. 0. 0. 1. 0. 1. 1. 0. 1. 0.][0. 0. 0. 0. 1. 1. 1. 0. 0. 1. 0. 1. 1. 0. 0. 0. 0. 1. 0. 0. 0.][0.         0.         0.33145962 0.66854038]
[0. 0. 0. 0. 0. 0. 0. 0. 0. 0. 0. 0. 0. 0. 1. 0. 1. 0. 0. 0. 0.][0. 0. 0. 1. 0. 1. 1. 1. 0. 1. 0. 1. 1. 0. 0. 0. 0. 1. 0. 1. 0.][0. 0. 0. 1.]
[0. 1. 0. 0. 0. 0. 0. 0. 1. 0. 1. 1. 1. 1. 1. 1. 1. 1. 0. 0. 0.][0. 0. 0. 0. 0. 0. 0. 0. 0. 0. 0. 0. 0. 1. 0. 0. 0. 0. 0. 0. 0.][0. 0. 1. 0.]
[0. 0. 1. 0. 0. 0. 0. 1. 0. 0. 0. 1. 1. 1. 1. 0. 1. 0. 1. 1. 0.][0. 0. 0. 0. 0. 0. 0. 0. 1. 0. 0. 0. 0. 0. 0. 0. 0. 0. 1. 0. 0.][0. 0. 1. 0.]
[0. 0. 0. 0. 0. 0. 0. 0. 0. 0. 0. 0. 1. 0. 0. 0. 1. 1. 0. 0. 0.][1. 0. 0. 1. 0. 1. 1. 0. 1. 1. 0. 0. 0. 0. 1. 1. 0. 0. 0. 0. 0.][0. 1. 0. 0.]
[1. 0. 0. 0. 0. 0. 0. 0. 0. 1. 0. 0. 1. 0. 0. 0. 0. 0. 0. 0. 0.][0. 0. 1. 0. 1. 0. 0. 0. 1. 0. 1. 1. 0. 0. 1. 0. 1. 0. 1. 0. 0.][0.         0.50231827 0.49768173 0.        ]
[1. 0. 0. 1. 0. 1. 1. 0. 0. 0. 0. 0. 0. 0. 0. 0. 0. 0. 1. 0. 1.][0. 0. 0. 1. 0. 1. 1. 0. 1. 0. 0. 0. 0. 0. 0. 1. 0. 0. 0. 0. 0.][1. 0. 0. 0.]
[1. 0. 0. 0. 0. 1. 1. 0. 0. 1. 0. 0. 0. 0. 0. 0. 0. 0. 0. 0. 1.][0. 0. 1. 0. 0. 0. 0. 0. 0. 0. 1. 1. 0. 0. 1. 0. 0. 0. 1. 0. 1.][0. 0. 1. 0.]
[1. 0. 0. 0. 0. 0. 0. 0. 0. 0. 0. 0. 0. 0. 0. 0. 1. 0. 1. 0. 1.][0. 1. 0. 0. 0. 1. 0. 1. 1. 1. 0. 0. 0. 0. 0. 0. 0. 1. 0. 1. 0.][0.27073185 0.         0.         0.72926815]
[1. 0. 1. 0. 0. 0. 1. 1. 0. 1. 0. 0. 0. 0. 1. 0. 0. 0. 1. 1. 1.][0. 0. 0. 0. 0. 0. 0. 0. 0. 0. 0. 0. 1. 0. 0. 1. 0. 0. 0. 0. 0.][0. 0. 1. 0.]
[1. 1. 1. 0. 0. 0. 1. 0. 0. 0. 0. 0. 0. 0. 1. 0. 1. 1. 0. 0. 1.][0. 0. 0. 0. 0. 0. 0. 0. 0. 0. 0. 0. 0. 0. 0. 0. 1. 1. 1. 0. 0.][0. 0. 1. 0.]
[1. 0. 1. 0. 1. 0. 0. 1. 0. 0. 0. 1. 1. 1. 0. 0. 0. 0. 1. 0. 0.][0. 0. 0. 0. 0. 0. 0. 0. 0. 0. 0. 0. 1. 1. 0. 0. 0. 0. 1. 0. 0.][0.         0.58483373 0.41516627 0.        ]
[0. 0. 0. 0. 1. 0. 0. 1. 0. 0. 0. 0. 1. 1. 1. 1. 0. 0. 0. 0. 0.][1. 0. 0. 0. 0. 0. 0. 0. 0. 0. 0. 0. 1. 1. 0. 0. 0. 0. 1. 1. 0.][0.         0.         0.60094284 0.39905716]
