20,2,500
[0. 0. 0. 1. 1. 0. 0. 1. 0. 1. 0. 0. 1. 0. 1. 0. 0. 0. 0. 1. 0.][0. 0. 0. 0. 0. 0. 0. 0. 0. 1. 0. 1. 1. 0. 0. 0. 1. 0. 0. 0. 0.][0.57509087 0.         0.42490913 0.        ]
[0. 0. 0. 0. 0. 0. 0. 0. 0. 1. 0. 0. 0. 0. 1. 0. 0. 0. 0. 1. 1.][1. 0. 0. 1. 0. 0. 0. 0. 0. 1. 0. 1. 1. 1. 0. 0. 1. 0. 0. 0. 0.][1. 0. 0. 0.]
[0. 1. 0. 0. 0. 0. 0. 1. 0. 0. 0. 1. 0. 0. 1. 0. 0. 0. 0. 1. 0.][0. 0. 0. 0. 1. 0. 1. 0. 0. 0. 0. 1. 0. 0. 0. 1. 1. 0. 0. 0. 1.][0.         0.37573272 0.62426728 0.        ]
[0. 0. 0. 0. 0. 0. 0. 0. 0. 0. 0. 0. 0. 0. 1. 1. 0. 0. 0. 0. 0.][0. 0. 1. 1. 1. 1. 1. 1. 1. 0. 0. 0. 0. 0. 0. 1. 1. 0. 0. 0. 0.][0.51429496 0.48570504 0.         0.        ]
[0. 0. 0. 0. 0. 0. 0. 1. 0. 1. 0. 1. 0. 0. 1. 1. 0. 0. 0. 1. 0.][0. 1. 1. 0. 0. 0. 0. 0. 0. 1. 1. 0. 0. 0. 0. 0. 1. 0. 0. 0. 0.][1. 0. 0. 0.]
[0. 0. 0. 0. 0. 0. 0. 0. 0. 0. 0. 0. 0. 0. 0. 1. 0. 0. 0. 1. 1.][0. 1. 0. 1. 0. 0. 0. 0. 0. 1. 1. 1. 1. 0. 0. 1. 1. 0. 0. 0. 0.][1. 0. 0. 0.]
[0. 0. 0. 0. 0. 0. 0. 1. 0. 1. 1. 0. 0. 0. 0. 1. 0. 0. 0. 1. 0.][0. 0. 0. 0. 1. 0. 1. 0. 0. 0. 0. 0. 0. 0. 0. 1. 1. 1. 0. 0. 1.][0.         0.34121486 0.65878514 0.        ]
[0. 0. 0. 0. 0. 0. 0. 0. 0. 0. 0. 1. 0. 0. 0. 0. 0. 0. 1. 1. 1.][0. 1. 0. 1. 0. 0. 0. 0. 0. 1. 1. 1. 1. 0. 1. 0. 0. 0. 0. 0. 0.][0.5895413 0.4104587 0.        0.       ]
[0. 0. 0. 0. 0. 0. 0. 0. 0. 0. 0. 0. 0. 0. 0. 0. 0. 0. 1. 0. 0.][0. 0. 0. 0. 1. 1. 0. 1. 1. 1. 1. 1. 0. 1. 1. 0. 0. 0. 0. 0. 1.][0.         0.         0.56876846 0.43123154]
[0. 0. 0. 0. 0. 0. 0. 0. 0. 0. 0. 0. 0. 0. 0. 0. 0. 0. 1. 0. 0.][0. 0. 0. 0. 0. 1. 1. 1. 0. 1. 1. 1. 0. 0. 1. 0. 0. 1. 0. 1. 1.][0.         0.         0.68218151 0.31781849]
[0. 1. 0. 0. 0. 0. 0. 0. 1. 0. 0. 0. 1. 1. 0. 1. 1. 1. 0. 1. 0.][0. 0. 0. 0. 0. 0. 0. 0. 0. 0. 0. 0. 0. 0. 0. 0. 0. 0. 1. 1. 1.][0. 0. 1. 0.]
[0. 0. 0. 0. 0. 0. 0. 0. 0. 0. 0. 0. 0. 0. 1. 0. 1. 0. 1. 1. 0.][0. 1. 1. 0. 1. 0. 1. 0. 0. 0. 0. 0. 0. 1. 1. 0. 1. 0. 0. 0. 0.][0. 0. 0. 1.]
[1. 0. 0. 1. 1. 0. 1. 0. 0. 1. 0. 0. 0. 0. 1. 0. 0. 0. 0. 0. 0.][0. 0. 0. 0. 0. 0. 0. 0. 0. 1. 0. 1. 1. 0. 0. 0. 1. 0. 0. 0. 1.][0.25365412 0.34227231 0.40407358 0.        ]
[1. 0. 0. 0. 0. 0. 0. 0. 0. 0. 0. 0. 0. 0. 1. 0. 0. 0. 0. 0. 1.][1. 0. 0. 1. 0. 0. 0. 0. 1. 1. 0. 1. 1. 0. 0. 0. 0. 0. 0. 1. 1.][0.         0.38597912 0.61402088 0.        ]
[1. 0. 0. 0. 0. 0. 0. 1. 0. 0. 0. 1. 0. 0. 0. 1. 0. 0. 0. 0. 1.][0. 0. 0. 1. 1. 0. 1. 0. 1. 0. 0. 0. 0. 1. 0. 0. 0. 0. 0. 1. 0.][0.48502276 0.         0.51497724 0.        ]
[1. 0. 0. 0. 0. 0. 0. 0. 0. 0. 0. 1. 0. 0. 0. 0. 0. 0. 1. 0. 0.][1. 1. 0. 0. 0. 1. 0. 1. 1. 0. 0. 0. 0. 1. 1. 0. 0. 0. 0. 1. 0.][0.         0.43376273 0.         0.56623727]
[1. 0. 0. 1. 1. 0. 0. 0. 0. 0. 0. 0. 0. 0. 0. 0. 1. 1. 0. 1. 0.][0. 0. 0. 0. 0. 0. 0. 0. 0. 0. 0. 0. 0. 0. 0. 1. 1. 1. 1. 1. 0.][0.         0.56922004 0.         0.43077996]
[1. 0. 0. 0. 0. 0. 0. 0. 0. 0. 0. 1. 0. 0. 0. 0. 1. 1. 0. 0. 1.][1. 1. 0. 1. 0. 0. 0. 0. 1. 0. 0. 0. 1. 0. 0. 0. 0. 0. 1. 0. 0.][0.31021448 0.         0.68978552 0.        ]
[0. 0. 0. 1. 0. 1. 1. 0. 0. 0. 0. 0. 0. 0. 0. 1. 1. 1. 0. 0. 0.][0. 0. 1. 0. 0. 0. 0. 0. 0. 0. 0. 0. 0. 0. 1. 1. 0. 1. 0. 1. 0.][0.         0.         0.58703783 0.41296217]
[0. 0. 0. 1. 1. 1. 1. 0. 1. 0. 1. 0. 1. 0. 0. 0. 0. 0. 0. 1. 0.][0. 0. 1. 0. 0. 0. 0. 0. 0. 0. 0. 0. 0. 0. 0. 0. 0. 1. 0. 0. 1.][0.59288781 0.         0.40711219 0.        ]
