20,3,20
[0. 0. 0. 0. 1. 0. 1. 0. 1. 0. 1. 0. 0. 0. 1. 0. 0. 0. 0. 1. 0.][0. 1. 1. 0. 0. 0. 0. 0. 1. 0. 0. 1. 0. 0. 0. 0. 1. 0. 0. 0. 0.][0.         0.28075469 0.71924531 0.        ]
[0. 0. 0. 0. 0. 0. 0. 0. 1. 0. 0. 0. 0. 0. 1. 0. 0. 0. 0. 1. 0.][0. 0. 1. 0. 0. 0. 0. 1. 1. 1. 0. 1. 0. 0. 1. 0. 0. 0. 1. 0. 1.][0.64065908 0.35934092 0.         0.        ]
[0. 0. 0. 1. 0. 0. 0. 0. 0. 0. 0. 0. 0. 0. 1. 0. 0. 0. 0. 1. 0.][0. 0. 0. 1. 0. 1. 0. 0. 0. 0. 1. 0. 0. 0. 1. 0. 1. 0. 1. 1. 1.][0. 0. 1. 0.]
[0. 0. 0. 0. 0. 0. 0. 0. 0. 0. 0. 0. 0. 0. 0. 1. 0. 0. 0. 0. 0.][1. 0. 0. 0. 1. 1. 1. 1. 0. 1. 0. 0. 1. 0. 1. 0. 1. 0. 0. 1. 0.][0. 1. 0. 0.]
[0. 0. 0. 0. 0. 0. 0. 0. 0. 1. 0. 0. 0. 0. 0. 1. 0. 0. 0. 1. 0.][1. 0. 1. 1. 1. 0. 0. 0. 0. 1. 0. 0. 0. 1. 0. 0. 0. 0. 0. 1. 1.][0.54451858 0.         0.45548142 0.        ]
[0. 0. 0. 0. 0. 0. 0. 0. 0. 0. 0. 0. 0. 0. 0. 1. 0. 0. 0. 0. 1.][1. 1. 1. 0. 0. 0. 0. 1. 0. 1. 0. 1. 0. 0. 1. 1. 0. 0. 0. 0. 1.][0.47071028 0.         0.52928972 0.        ]
[0. 0. 0. 1. 0. 0. 0. 0. 0. 0. 0. 0. 0. 0. 0. 1. 0. 0. 0. 1. 1.][0. 1. 0. 1. 0. 1. 0. 0. 0. 1. 0. 0. 1. 0. 1. 0. 0. 0. 0. 1. 0.][0. 1. 0. 0.]
[0. 0. 0. 0. 0. 0. 0. 0. 0. 0. 0. 0. 0. 0. 0. 0. 1. 1. 0. 0. 0.][0. 0. 0. 0. 1. 0. 1. 0. 0. 1. 0. 1. 1. 0. 1. 1. 0. 1. 0. 1. 0.][0. 0. 1. 0.]
[0. 0. 0. 0. 0. 0. 0. 0. 0. 0. 0. 0. 0. 0. 0. 0. 1. 1. 0. 0. 0.][0. 0. 0. 0. 0. 1. 1. 1. 0. 0. 1. 1. 1. 1. 0. 1. 0. 1. 0. 0. 0.][1. 0. 0. 0.]
[0. 0. 0. 0. 0. 0. 0. 0. 0. 0. 0. 0. 0. 0. 0. 0. 1. 1. 0. 0. 0.][0. 0. 0. 0. 0. 1. 0. 0. 0. 0. 1. 1. 0. 1. 1. 1. 1. 0. 0. 1. 1.][0.49264646 0.         0.50735354 0.        ]
[0. 1. 0. 0. 0. 0. 0. 1. 0. 0. 0. 0. 1. 1. 1. 1. 1. 0. 1. 1. 0.][0. 0. 0. 0. 0. 0. 0. 0. 0. 0. 0. 0. 0. 1. 0. 0. 0. 0. 1. 0. 0.][0. 0. 0. 1.]
[0. 0. 0. 0. 0. 0. 0. 0. 0. 0. 0. 1. 0. 0. 1. 0. 0. 0. 0. 0. 0.][1. 0. 0. 0. 0. 1. 1. 0. 0. 1. 1. 1. 1. 0. 0. 0. 1. 0. 0. 0. 1.][0.59076902 0.         0.         0.40923098]
[1. 0. 0. 0. 1. 0. 1. 0. 0. 0. 1. 0. 0. 0. 1. 0. 0. 0. 0. 0. 0.][0. 0. 1. 0. 0. 0. 0. 0. 0. 0. 0. 0. 1. 1. 0. 0. 1. 0. 1. 0. 1.][0. 0. 1. 0.]
[1. 0. 1. 0. 0. 0. 0. 0. 0. 1. 0. 0. 0. 0. 0. 0. 0. 0. 0. 0. 1.][1. 1. 1. 0. 0. 0. 0. 1. 0. 0. 0. 1. 1. 0. 1. 0. 0. 0. 0. 0. 0.][0. 0. 1. 0.]
[1. 0. 0. 1. 0. 1. 0. 0. 0. 1. 1. 1. 0. 0. 0. 0. 0. 0. 0. 0. 0.][1. 1. 0. 0. 0. 1. 0. 0. 0. 0. 0. 1. 0. 0. 0. 0. 0. 0. 0. 1. 0.][1. 0. 0. 0.]
[1. 0. 1. 0. 1. 0. 1. 0. 0. 1. 0. 0. 0. 0. 0. 0. 0. 0. 0. 0. 0.][1. 1. 1. 0. 0. 0. 0. 0. 0. 1. 0. 1. 0. 1. 0. 0. 0. 0. 0. 0. 0.][0.28779282 0.42363379 0.28857339 0.        ]
[1. 0. 0. 0. 0. 0. 0. 0. 0. 0. 1. 1. 0. 0. 0. 0. 0. 1. 0. 0. 0.][0. 0. 0. 0. 1. 0. 1. 1. 1. 1. 0. 0. 0. 1. 0. 0. 0. 1. 0. 0. 0.][0. 1. 0. 0.]
[0. 0. 0. 0. 0. 0. 0. 0. 0. 0. 1. 1. 0. 0. 0. 0. 0. 0. 0. 0. 1.][0. 1. 0. 0. 1. 0. 1. 0. 1. 0. 1. 0. 1. 0. 0. 0. 0. 1. 0. 1. 0.][1. 0. 0. 0.]
[0. 1. 0. 0. 0. 1. 1. 0. 0. 0. 0. 0. 0. 1. 0. 0. 0. 0. 1. 1. 0.][1. 0. 1. 0. 1. 0. 0. 0. 0. 0. 0. 0. 0. 0. 0. 0. 0. 1. 0. 1. 0.][0. 0. 1. 0.]
[1. 1. 1. 1. 1. 1. 0. 1. 0. 1. 0. 0. 0. 0. 0. 0. 0. 0. 0. 1. 0.][1. 0. 0. 0. 0. 0. 0. 0. 1. 0. 0. 0. 0. 0. 0. 0. 0. 0. 0. 0. 0.][0.64939401 0.35060599 0.         0.        ]
[1. 0. 0. 1. 0. 0. 0. 0. 1. 1. 0. 1. 0. 0. 1. 0. 0. 0. 0. 0. 1.][1. 0. 0. 0. 0. 1. 0. 1. 0. 0. 0. 0. 0. 0. 0. 0. 0. 0. 0. 1. 0.][0.73182074 0.         0.         0.26817926]
