20,3,50
[0. 0. 0. 0. 0. 1. 1. 0. 0. 0. 0. 0. 1. 0. 0. 0. 0. 1. 1. 1. 0.][1. 0. 1. 0. 0. 0. 0. 0. 0. 0. 0. 0. 0. 1. 1. 0. 1. 0. 0. 0. 0.][0. 0. 1. 0.]
[0. 0. 0. 0. 0. 0. 0. 0. 0. 0. 0. 0. 1. 0. 0. 0. 0. 1. 1. 0. 1.][1. 0. 1. 0. 0. 0. 0. 0. 0. 0. 0. 0. 1. 1. 1. 1. 0. 0. 0. 1. 0.][1. 0. 0. 0.]
[0. 0. 0. 0. 0. 0. 0. 0. 0. 0. 0. 0. 1. 0. 0. 0. 0. 0. 0. 0. 0.][0. 0. 1. 1. 1. 1. 0. 0. 1. 1. 0. 1. 0. 0. 0. 1. 1. 0. 0. 1. 0.][0.         0.48170887 0.         0.51829113]
[0. 0. 0. 0. 0. 0. 0. 0. 0. 0. 0. 0. 1. 1. 0. 0. 0. 0. 0. 0. 0.][0. 0. 1. 0. 1. 1. 1. 1. 1. 0. 0. 1. 1. 0. 0. 0. 0. 0. 0. 1. 0.][0. 0. 1. 0.]
[0. 0. 0. 0. 0. 0. 0. 1. 0. 1. 0. 0. 0. 1. 0. 0. 0. 1. 1. 0. 0.][0. 0. 1. 1. 0. 0. 0. 0. 1. 0. 0. 0. 0. 1. 0. 1. 1. 0. 0. 0. 0.][0. 0. 0. 1.]
[0. 0. 0. 0. 0. 0. 0. 0. 0. 1. 0. 0. 1. 1. 0. 0. 0. 0. 0. 0. 0.][0. 1. 0. 0. 0. 0. 1. 1. 0. 0. 0. 0. 1. 1. 0. 1. 1. 1. 0. 0. 0.][0. 0. 1. 0.]
[0. 0. 0. 0. 0. 0. 1. 0. 0. 1. 0. 0. 0. 1. 0. 0. 0. 1. 0. 1. 0.][0. 0. 0. 1. 1. 0. 0. 0. 0. 0. 0. 1. 0. 1. 0. 1. 1. 0. 0. 0. 0.][0. 1. 0. 0.]
[0. 0. 0. 0. 0. 0. 0. 0. 0. 0. 0. 0. 0. 0. 0. 1. 1. 0. 0. 0. 1.][0. 0. 1. 0. 0. 0. 0. 1. 1. 1. 0. 1. 1. 0. 0. 1. 0. 1. 0. 0. 0.][0. 1. 0. 0.]
[0. 0. 0. 0. 0. 0. 0. 0. 0. 0. 0. 0. 0. 0. 1. 1. 1. 0. 0. 0. 0.][0. 0. 0. 1. 1. 1. 1. 0. 0. 0. 0. 0. 1. 1. 0. 0. 0. 1. 0. 0. 1.][0. 0. 1. 0.]
[0. 1. 0. 0. 0. 0. 0. 0. 1. 0. 1. 1. 1. 1. 1. 1. 1. 1. 0. 0. 0.][0. 0. 0. 0. 0. 0. 0. 0. 0. 0. 0. 0. 0. 0. 0. 0. 0. 0. 0. 0. 1.][0. 0. 0. 1.]
[0. 0. 0. 1. 1. 1. 0. 1. 0. 0. 0. 1. 0. 1. 1. 0. 1. 0. 0. 0. 0.][0. 0. 0. 0. 0. 0. 0. 0. 1. 0. 0. 0. 0. 0. 0. 0. 0. 0. 1. 0. 1.][0. 0. 1. 0.]
[0. 0. 0. 0. 0. 0. 0. 0. 0. 0. 0. 0. 1. 1. 1. 0. 0. 1. 0. 0. 0.][0. 0. 0. 0. 1. 1. 1. 1. 0. 1. 0. 0. 0. 0. 0. 0. 1. 0. 1. 0. 0.][0.         0.64518335 0.35481665 0.        ]
[1. 0. 0. 1. 0. 1. 1. 1. 0. 0. 0. 0. 0. 0. 0. 0. 0. 0. 0. 1. 0.][0. 0. 0. 0. 0. 0. 0. 0. 0. 0. 0. 0. 1. 1. 1. 0. 1. 0. 0. 1. 0.][0.         0.58191595 0.41808405 0.        ]
[1. 0. 0. 0. 0. 0. 0. 0. 0. 0. 0. 0. 0. 0. 0. 0. 0. 0. 1. 0. 1.][1. 0. 1. 0. 1. 0. 0. 0. 0. 0. 0. 0. 1. 1. 0. 1. 0. 1. 0. 1. 0.][0. 0. 0. 1.]
[1. 0. 0. 0. 1. 1. 1. 1. 0. 0. 0. 0. 0. 0. 0. 0. 0. 0. 1. 0. 1.][0. 0. 0. 0. 1. 1. 0. 0. 0. 1. 0. 0. 0. 0. 0. 0. 1. 0. 0. 0. 0.][0. 1. 0. 0.]
[1. 0. 0. 0. 0. 0. 0. 0. 0. 0. 0. 0. 0. 0. 0. 1. 0. 0. 0. 0. 1.][1. 0. 0. 0. 0. 1. 0. 1. 0. 0. 0. 0. 0. 0. 0. 1. 0. 1. 1. 1. 1.][0. 1. 0. 0.]
[1. 0. 0. 0. 0. 0. 0. 0. 0. 0. 0. 0. 0. 0. 0. 0. 0. 0. 0. 1. 0.][1. 1. 0. 0. 1. 1. 1. 0. 1. 0. 1. 0. 0. 0. 0. 0. 0. 0. 0. 1. 1.][0.         0.         0.59651776 0.40348224]
[1. 0. 0. 0. 0. 0. 0. 0. 0. 0. 0. 0. 0. 0. 0. 0. 0. 0. 1. 0. 1.][0. 0. 1. 0. 0. 0. 1. 1. 1. 1. 1. 1. 0. 0. 0. 0. 0. 1. 0. 0. 0.][0. 0. 0. 1.]
[1. 1. 1. 1. 0. 1. 0. 1. 1. 1. 0. 0. 0. 0. 0. 0. 0. 1. 0. 0. 0.][0. 0. 0. 0. 0. 0. 0. 0. 1. 0. 0. 0. 0. 0. 0. 0. 0. 0. 0. 1. 0.][0. 0. 0. 1.]
[0. 0. 0. 0. 0. 1. 1. 0. 1. 1. 1. 0. 0. 0. 0. 0. 0. 0. 0. 0. 0.][0. 0. 0. 1. 1. 1. 0. 0. 0. 0. 0. 0. 0. 0. 0. 0. 0. 0. 1. 1. 1.][0.         0.40866175 0.59133825 0.        ]
[1. 0. 0. 0. 0. 0. 0. 0. 0. 0. 0. 0. 0. 0. 1. 0. 0. 0. 1. 0. 1.][1. 1. 1. 0. 0. 0. 0. 0. 1. 0. 0. 1. 0. 0. 0. 0. 0. 0. 1. 1. 0.][0.35861224 0.27426049 0.         0.36712727]
[1. 0. 0. 0. 0. 0. 0. 0. 0. 0. 0. 0. 0. 0. 1. 0. 0. 0. 1. 0. 1.][1. 1. 1. 0. 0. 0. 0. 0. 1. 0. 0. 1. 0. 0. 0. 0. 0. 0. 1. 1. 0.][0.35861224 0.27426049 0.         0.36712727]
