20,3,500
[0. 0. 0. 1. 0. 1. 0. 0. 0. 1. 0. 0. 0. 0. 1. 0. 0. 0. 0. 1. 0.][0. 1. 0. 0. 0. 0. 0. 1. 0. 1. 0. 1. 1. 0. 0. 0. 0. 0. 0. 1. 0.][0. 1. 0. 0.]
[0. 0. 0. 0. 0. 0. 0. 0. 0. 0. 0. 0. 0. 0. 1. 0. 0. 0. 0. 1. 0.][0. 1. 1. 0. 0. 1. 0. 1. 0. 1. 0. 0. 0. 1. 1. 0. 1. 1. 0. 0. 0.][0.49945947 0.         0.         0.50054053]
[0. 0. 0. 0. 0. 0. 0. 1. 0. 1. 0. 1. 0. 0. 1. 0. 0. 0. 0. 1. 1.][0. 0. 0. 1. 0. 0. 0. 0. 0. 1. 0. 1. 1. 0. 0. 0. 0. 0. 1. 0. 0.][0.44515775 0.55484225 0.         0.        ]
[0. 0. 0. 0. 0. 0. 0. 0. 0. 0. 0. 0. 0. 0. 0. 1. 0. 0. 0. 0. 0.][1. 0. 1. 1. 1. 1. 1. 0. 0. 0. 0. 0. 1. 1. 0. 1. 1. 0. 0. 0. 0.][0.         0.58378947 0.41621053 0.        ]
[0. 0. 0. 0. 0. 0. 0. 1. 0. 1. 0. 1. 0. 0. 0. 1. 0. 0. 0. 1. 1.][1. 1. 0. 0. 0. 0. 0. 1. 0. 1. 0. 0. 1. 0. 0. 0. 0. 0. 0. 0. 0.][0.51446095 0.         0.48553905 0.        ]
[0. 0. 0. 0. 0. 0. 0. 0. 0. 0. 0. 0. 0. 0. 0. 1. 0. 0. 0. 1. 0.][0. 0. 1. 0. 1. 0. 0. 1. 1. 1. 0. 0. 1. 1. 0. 1. 0. 1. 0. 0. 0.][0. 1. 0. 0.]
[0. 0. 0. 0. 0. 0. 0. 0. 0. 1. 0. 1. 0. 0. 0. 1. 1. 0. 1. 1. 0.][0. 0. 0. 1. 1. 1. 0. 0. 1. 0. 0. 0. 1. 0. 0. 0. 0. 0. 0. 0. 0.][0.49165439 0.         0.50834561 0.        ]
[0. 0. 0. 0. 0. 0. 0. 0. 0. 0. 1. 0. 0. 0. 0. 0. 1. 0. 1. 1. 0.][0. 1. 1. 0. 0. 0. 1. 1. 1. 1. 0. 0. 0. 0. 1. 0. 0. 0. 0. 0. 0.][0.         0.48997326 0.         0.51002674]
[0. 0. 0. 0. 0. 0. 0. 0. 0. 0. 0. 0. 0. 0. 0. 0. 1. 0. 1. 0. 0.][0. 0. 0. 1. 1. 1. 1. 1. 1. 0. 0. 0. 0. 0. 0. 0. 0. 1. 0. 1. 1.][1. 0. 0. 0.]
[0. 0. 0. 0. 0. 0. 0. 0. 0. 0. 0. 0. 0. 0. 0. 0. 1. 0. 1. 0. 0.][0. 0. 0. 0. 1. 1. 0. 0. 1. 1. 1. 0. 0. 0. 1. 0. 1. 1. 0. 1. 0.][0. 1. 0. 0.]
[0. 1. 0. 0. 0. 0. 0. 0. 1. 0. 0. 0. 1. 1. 0. 1. 1. 1. 0. 1. 0.][1. 0. 0. 0. 0. 0. 0. 0. 0. 0. 0. 0. 0. 0. 0. 0. 0. 1. 1. 0. 0.][0.         0.55057578 0.44942422 0.        ]
[0. 0. 0. 0. 0. 0. 0. 0. 0. 0. 0. 0. 0. 0. 1. 0. 0. 0. 1. 1. 0.][0. 0. 1. 1. 1. 0. 1. 0. 0. 0. 0. 0. 1. 1. 0. 1. 0. 0. 1. 0. 0.][0. 1. 0. 0.]
[1. 0. 0. 0. 0. 0. 0. 0. 0. 0. 0. 0. 0. 0. 1. 0. 0. 0. 0. 0. 0.][0. 1. 1. 0. 0. 0. 0. 1. 0. 1. 0. 1. 0. 1. 1. 0. 1. 1. 0. 0. 0.][0.39809356 0.60190644 0.         0.        ]
[1. 0. 0. 0. 0. 0. 0. 1. 0. 1. 0. 1. 0. 0. 1. 0. 0. 0. 0. 0. 1.][0. 0. 1. 1. 0. 0. 0. 0. 0. 0. 0. 0. 1. 1. 0. 1. 0. 0. 0. 0. 0.][0. 1. 0. 0.]
[1. 0. 0. 0. 1. 0. 0. 0. 0. 0. 0. 0. 0. 0. 0. 0. 0. 1. 0. 1. 0.][0. 0. 0. 0. 0. 0. 0. 0. 0. 1. 0. 1. 1. 1. 0. 0. 0. 1. 1. 0. 1.][1. 0. 0. 0.]
[1. 0. 0. 0. 0. 0. 1. 0. 0. 0. 1. 1. 0. 0. 0. 0. 1. 1. 0. 0. 1.][0. 0. 0. 0. 0. 0. 0. 0. 0. 0. 1. 0. 0. 1. 1. 1. 0. 0. 0. 0. 0.][0.         0.         0.53547773 0.46452227]
[1. 0. 0. 0. 0. 1. 0. 0. 0. 0. 0. 1. 0. 0. 0. 0. 1. 1. 0. 0. 0.][0. 1. 0. 0. 0. 0. 0. 0. 0. 1. 1. 0. 0. 1. 0. 0. 0. 1. 0. 0. 1.][0. 0. 0. 1.]
[1. 0. 1. 0. 0. 1. 0. 1. 0. 1. 1. 1. 0. 0. 0. 0. 1. 1. 0. 0. 0.][0. 0. 0. 0. 0. 0. 0. 0. 0. 0. 1. 0. 0. 1. 0. 0. 0. 0. 0. 0. 0.][0. 0. 1. 0.]
[1. 1. 1. 0. 1. 0. 0. 0. 0. 0. 0. 0. 0. 0. 0. 0. 1. 0. 0. 1. 0.][0. 0. 0. 0. 0. 0. 0. 0. 0. 0. 0. 1. 0. 1. 0. 0. 1. 1. 1. 0. 0.][1. 0. 0. 0.]
[0. 0. 0. 0. 1. 0. 1. 0. 0. 0. 0. 0. 0. 0. 1. 1. 1. 1. 0. 0. 0.][1. 0. 0. 0. 0. 0. 0. 0. 0. 0. 0. 1. 0. 0. 0. 0. 1. 1. 1. 0. 0.][0. 0. 1. 0.]
