20,3,500
[0. 0. 0. 1. 0. 0. 1. 1. 0. 0. 1. 0. 0. 1. 0. 0. 0. 0. 1. 1. 0.][0. 0. 0. 0. 0. 1. 0. 0. 1. 0. 0. 0. 0. 0. 1. 0. 0. 1. 0. 0. 0.][0.62324608 0.         0.         0.37675392]
[0. 0. 0. 0. 0. 0. 0. 0. 0. 0. 0. 0. 0. 1. 0. 0. 0. 0. 1. 0. 0.][0. 0. 0. 0. 0. 1. 1. 1. 0. 1. 0. 1. 1. 0. 1. 1. 1. 0. 0. 0. 0.][0.         0.69148972 0.30851028 0.        ]
[0. 0. 0. 0. 0. 0. 1. 0. 0. 1. 1. 0. 0. 1. 0. 0. 0. 0. 1. 1. 0.][0. 1. 1. 0. 0. 0. 0. 0. 0. 1. 0. 0. 1. 0. 1. 0. 0. 0. 0. 0. 0.][0.47828435 0.         0.         0.52171565]
[0. 0. 0. 0. 0. 0. 0. 0. 0. 0. 0. 0. 0. 1. 1. 0. 0. 0. 0. 0. 1.][0. 1. 1. 1. 0. 0. 0. 0. 0. 1. 0. 1. 1. 0. 0. 1. 1. 0. 0. 0. 0.][0.47844663 0.         0.         0.52155337]
[0. 0. 0. 0. 0. 0. 1. 0. 0. 1. 0. 0. 0. 1. 1. 0. 0. 0. 1. 1. 1.][0. 0. 0. 0. 0. 1. 0. 1. 1. 0. 0. 0. 0. 0. 1. 0. 0. 0. 0. 0. 0.][0.       0.       0.388645 0.611355]
[0. 0. 0. 0. 0. 0. 0. 0. 0. 0. 0. 0. 0. 1. 1. 0. 0. 0. 1. 0. 0.][0. 0. 0. 0. 0. 1. 1. 1. 1. 1. 1. 1. 0. 0. 0. 0. 0. 1. 0. 0. 0.][0.46060842 0.         0.         0.53939158]
[0. 0. 0. 0. 0. 0. 0. 0. 0. 1. 0. 0. 0. 1. 1. 0. 0. 0. 1. 1. 0.][0. 1. 1. 0. 0. 0. 0. 1. 0. 0. 0. 0. 0. 1. 1. 0. 0. 0. 1. 0. 0.][0.         0.65087452 0.         0.34912548]
[0. 0. 0. 0. 0. 0. 0. 0. 0. 0. 0. 0. 0. 0. 0. 0. 0. 1. 1. 0. 0.][0. 0. 0. 0. 1. 1. 1. 0. 1. 1. 0. 1. 1. 0. 0. 1. 0. 0. 0. 0. 1.][0.67024865 0.32975135 0.         0.        ]
[1. 0. 0. 0. 0. 0. 0. 0. 0. 0. 0. 0. 0. 0. 0. 1. 1. 1. 0. 0. 0.][0. 0. 1. 1. 1. 1. 1. 0. 0. 0. 0. 0. 0. 0. 0. 1. 0. 1. 0. 0. 0.][0.         0.         0.63358017 0.36641983]
[0. 0. 0. 0. 0. 0. 0. 0. 0. 0. 0. 0. 0. 0. 0. 1. 0. 1. 0. 0. 0.][0. 0. 1. 1. 1. 1. 1. 0. 0. 0. 0. 0. 0. 1. 0. 1. 1. 1. 0. 0. 0.][0.         0.41064401 0.         0.58935599]
[0. 0. 1. 0. 1. 0. 0. 1. 0. 0. 1. 0. 1. 0. 1. 1. 1. 1. 0. 0. 0.][0. 0. 0. 0. 0. 0. 0. 0. 0. 0. 0. 0. 0. 0. 0. 1. 0. 1. 0. 0. 0.][0.         0.53475873 0.46524127 0.        ]
[1. 0. 0. 1. 0. 0. 1. 0. 0. 1. 1. 0. 0. 1. 0. 0. 0. 0. 0. 0. 0.][0. 0. 0. 0. 0. 1. 0. 1. 1. 0. 0. 0. 0. 0. 1. 0. 0. 1. 0. 0. 0.][0.576411 0.       0.       0.423589]
[1. 0. 0. 0. 0. 0. 0. 0. 0. 0. 0. 0. 0. 0. 0. 0. 0. 1. 0. 1. 0.][0. 0. 0. 0. 1. 0. 0. 0. 1. 1. 0. 1. 1. 0. 0. 1. 1. 0. 0. 0. 1.][0.         0.56506127 0.43493873 0.        ]
[1. 0. 0. 0. 0. 0. 0. 0. 0. 0. 0. 0. 0. 0. 0. 0. 0. 1. 0. 1. 0.][0. 0. 1. 1. 0. 0. 0. 0. 1. 0. 0. 0. 1. 0. 0. 1. 1. 1. 0. 0. 1.][0.         0.         0.64009456 0.35990544]
[1. 0. 1. 1. 1. 0. 0. 0. 0. 0. 0. 0. 0. 0. 0. 0. 1. 0. 1. 0. 0.][0. 0. 0. 0. 0. 0. 0. 0. 0. 0. 0. 1. 0. 1. 0. 0. 0. 0. 1. 1. 1.][1. 0. 0. 0.]
[1. 0. 0. 1. 0. 1. 1. 1. 0. 0. 0. 0. 1. 0. 1. 0. 1. 0. 0. 0. 0.][0. 0. 0. 0. 0. 0. 0. 0. 0. 0. 0. 0. 0. 1. 0. 0. 0. 0. 1. 1. 0.][0.40511209 0.59488791 0.         0.        ]
[1. 0. 0. 0. 0. 0. 0. 0. 0. 0. 0. 0. 0. 0. 0. 1. 1. 0. 0. 0. 0.][0. 0. 0. 0. 0. 0. 0. 1. 1. 0. 1. 1. 0. 0. 0. 0. 1. 1. 1. 0. 1.][0. 0. 1. 0.]
[1. 0. 1. 0. 1. 1. 0. 1. 0. 1. 1. 0. 0. 0. 0. 1. 0. 0. 0. 0. 0.][0. 0. 0. 0. 0. 0. 0. 0. 0. 0. 1. 0. 0. 0. 1. 0. 0. 0. 0. 1. 0.][1. 0. 0. 0.]
[1. 1. 1. 0. 1. 0. 0. 0. 0. 0. 0. 0. 0. 0. 0. 0. 1. 0. 1. 0. 0.][0. 0. 0. 0. 0. 0. 0. 0. 0. 0. 0. 0. 0. 1. 0. 1. 1. 1. 1. 0. 0.][0.44035501 0.55964499 0.         0.        ]
[0. 0. 0. 1. 0. 1. 1. 0. 1. 1. 0. 1. 0. 0. 0. 0. 0. 0. 1. 0. 1.][0. 1. 0. 0. 0. 0. 0. 0. 0. 0. 0. 0. 0. 0. 0. 1. 0. 0. 1. 0. 0.][0.50129178 0.         0.         0.49870822]
