20,3,20
[0. 0. 0. 0. 0. 1. 0. 0. 1. 1. 0. 0. 0. 0. 0. 1. 0. 0. 0. 0. 1.][1. 0. 0. 0. 0. 0. 0. 0. 0. 0. 1. 0. 0. 1. 1. 1. 0. 1. 0. 0. 0.][0.         0.48369089 0.51630911 0.        ]
[0. 0. 0. 0. 0. 0. 0. 0. 0. 0. 0. 0. 0. 0. 0. 1. 0. 0. 0. 0. 0.][1. 1. 1. 1. 0. 1. 0. 0. 0. 0. 1. 0. 1. 0. 1. 0. 0. 1. 0. 0. 1.][0. 1. 0. 0.]
[0. 0. 0. 0. 0. 0. 1. 0. 0. 0. 0. 0. 0. 0. 0. 1. 0. 0. 0. 0. 1.][1. 0. 0. 1. 0. 0. 0. 0. 0. 1. 1. 0. 0. 1. 1. 0. 0. 0. 1. 0. 1.][0. 0. 0. 1.]
[0. 0. 0. 0. 0. 0. 0. 0. 0. 0. 0. 0. 0. 0. 0. 0. 1. 0. 0. 0. 0.][0. 0. 0. 1. 1. 0. 0. 1. 1. 1. 0. 0. 1. 0. 1. 0. 1. 0. 1. 1. 0.][0.         0.         0.53596998 0.46403002]
[0. 0. 0. 0. 0. 1. 0. 1. 0. 1. 0. 0. 1. 0. 0. 0. 1. 0. 0. 0. 1.][0. 0. 0. 0. 0. 1. 0. 0. 0. 1. 0. 0. 0. 0. 1. 0. 0. 1. 1. 0. 0.][0. 0. 0. 1.]
[0. 0. 0. 0. 0. 0. 0. 0. 0. 0. 0. 0. 0. 0. 0. 0. 1. 0. 0. 0. 0.][1. 0. 1. 0. 0. 1. 0. 0. 0. 1. 1. 1. 0. 1. 0. 1. 0. 0. 0. 1. 1.][0. 0. 0. 1.]
[0. 0. 0. 0. 0. 0. 1. 0. 0. 0. 0. 0. 1. 0. 0. 0. 1. 0. 0. 0. 0.][1. 0. 1. 0. 0. 1. 0. 0. 0. 1. 0. 0. 0. 0. 1. 1. 1. 0. 1. 0. 0.][0.         0.70065485 0.29934515 0.        ]
[0. 0. 0. 0. 0. 0. 0. 0. 0. 0. 0. 0. 1. 0. 0. 0. 0. 0. 1. 1. 1.][0. 0. 0. 1. 0. 1. 1. 0. 1. 0. 0. 0. 1. 1. 0. 0. 0. 0. 1. 0. 0.][0.35244262 0.         0.64755738 0.        ]
[0. 0. 0. 0. 0. 0. 0. 0. 0. 0. 0. 0. 0. 0. 0. 0. 0. 0. 1. 1. 0.][0. 0. 0. 0. 0. 0. 0. 0. 1. 1. 0. 1. 0. 0. 0. 1. 1. 1. 1. 1. 1.][1. 0. 0. 0.]
[0. 0. 0. 0. 0. 0. 0. 0. 0. 0. 0. 0. 0. 0. 0. 0. 0. 1. 1. 1. 0.][0. 0. 0. 0. 0. 1. 0. 0. 0. 1. 0. 1. 1. 1. 0. 1. 0. 1. 0. 0. 1.][0.         0.46970631 0.53029369 0.        ]
[0. 1. 0. 0. 0. 0. 0. 0. 0. 0. 1. 0. 0. 1. 1. 1. 0. 0. 1. 1. 0.][1. 0. 0. 0. 0. 0. 0. 0. 0. 0. 1. 0. 0. 0. 0. 0. 1. 0. 0. 0. 1.][1. 0. 0. 0.]
[0. 0. 0. 0. 1. 1. 1. 1. 0. 0. 0. 0. 0. 1. 0. 1. 0. 0. 1. 0. 1.][0. 0. 0. 0. 1. 0. 1. 0. 0. 0. 0. 0. 0. 0. 0. 0. 0. 0. 0. 0. 1.][0.59137293 0.         0.         0.40862707]
[0. 0. 0. 0. 0. 0. 0. 0. 0. 0. 0. 1. 0. 0. 0. 1. 0. 0. 0. 0. 0.][1. 1. 1. 0. 0. 0. 0. 1. 0. 1. 0. 0. 1. 0. 0. 1. 0. 0. 1. 0. 1.][0. 0. 0. 1.]
[0. 0. 0. 0. 1. 0. 0. 0. 0. 0. 0. 0. 0. 0. 0. 0. 0. 0. 0. 0. 0.][0. 1. 1. 1. 0. 1. 0. 1. 0. 0. 1. 0. 0. 1. 0. 0. 1. 1. 0. 1. 0.][0. 1. 0. 0.]
[0. 0. 0. 0. 0. 1. 0. 0. 0. 0. 0. 0. 1. 0. 0. 0. 0. 0. 0. 0. 1.][0. 0. 0. 1. 1. 1. 0. 1. 1. 0. 0. 1. 0. 0. 0. 1. 1. 0. 0. 0. 0.][0. 0. 0. 1.]
[1. 0. 0. 1. 1. 0. 0. 1. 0. 1. 0. 0. 0. 0. 0. 0. 1. 0. 0. 0. 0.][0. 0. 1. 0. 1. 1. 0. 0. 0. 0. 0. 0. 0. 0. 1. 0. 0. 0. 0. 1. 0.][0. 0. 0. 1.]
[0. 0. 0. 0. 0. 0. 0. 0. 0. 0. 0. 0. 0. 0. 0. 0. 1. 0. 0. 0. 0.][0. 1. 0. 1. 1. 1. 1. 1. 0. 0. 1. 1. 0. 0. 1. 0. 1. 0. 0. 0. 0.][0. 0. 0. 1.]
[1. 0. 1. 0. 0. 1. 1. 0. 1. 0. 0. 1. 1. 0. 0. 0. 1. 0. 0. 0. 0.][0. 0. 0. 1. 0. 0. 0. 0. 0. 1. 0. 0. 0. 0. 0. 0. 0. 0. 1. 0. 0.][0.         0.66699749 0.33300251 0.        ]
[1. 0. 0. 0. 0. 0. 0. 1. 1. 0. 0. 0. 1. 0. 0. 0. 0. 0. 1. 0. 1.][0. 0. 0. 1. 0. 0. 1. 0. 1. 0. 1. 0. 0. 0. 0. 0. 0. 0. 1. 0. 0.][0. 0. 1. 0.]
[0. 0. 0. 0. 0. 0. 0. 0. 0. 0. 0. 1. 0. 0. 0. 0. 0. 0. 0. 0. 1.][0. 0. 0. 0. 1. 1. 0. 0. 1. 0. 0. 1. 0. 1. 1. 0. 1. 1. 0. 1. 0.][0.33364407 0.66635593 0.         0.        ]
