20,3,1000
[0. 0. 0. 1. 0. 1. 1. 0. 0. 1. 1. 0. 0. 1. 0. 0. 0. 0. 1. 0. 0.][0. 0. 0. 0. 0. 0. 0. 0. 0. 1. 0. 0. 0. 1. 1. 0. 0. 0. 0. 0. 1.][0. 1. 0. 0.]
[1. 0. 0. 0. 0. 0. 0. 0. 0. 0. 1. 0. 0. 1. 0. 0. 0. 0. 1. 0. 0.][1. 0. 0. 0. 0. 0. 0. 1. 0. 1. 1. 1. 0. 0. 0. 0. 0. 1. 0. 0. 1.][0.         0.65653754 0.         0.34346246]
[0. 0. 0. 0. 0. 0. 0. 1. 0. 0. 0. 0. 0. 1. 0. 0. 0. 0. 1. 1. 0.][0. 0. 0. 1. 0. 1. 0. 0. 0. 0. 0. 0. 1. 1. 1. 0. 0. 0. 0. 1. 1.][0.         0.         0.43831211 0.56168789]
[0. 0. 0. 0. 0. 0. 0. 0. 0. 0. 0. 0. 0. 0. 1. 0. 0. 1. 0. 0. 0.][0. 1. 0. 1. 1. 1. 1. 0. 0. 0. 0. 0. 0. 0. 1. 1. 1. 1. 0. 0. 0.][0. 0. 0. 1.]
[0. 0. 0. 0. 0. 0. 0. 1. 0. 0. 1. 0. 0. 0. 1. 0. 0. 0. 1. 0. 1.][0. 1. 0. 0. 0. 0. 0. 0. 0. 1. 1. 1. 0. 1. 1. 0. 0. 0. 0. 0. 0.][0.55021851 0.44978149 0.         0.        ]
[0. 0. 0. 0. 0. 0. 0. 0. 0. 0. 0. 0. 0. 0. 1. 0. 0. 0. 1. 1. 1.][1. 0. 0. 0. 0. 0. 0. 1. 0. 1. 1. 1. 0. 0. 1. 0. 0. 0. 0. 0. 1.][0. 1. 0. 0.]
[0. 0. 0. 0. 0. 0. 0. 0. 0. 0. 1. 0. 0. 0. 1. 0. 0. 0. 1. 0. 1.][0. 0. 0. 1. 1. 1. 0. 0. 1. 0. 0. 0. 0. 0. 1. 0. 1. 0. 1. 0. 0.][0.40742356 0.         0.         0.59257644]
[0. 0. 0. 0. 0. 0. 0. 0. 0. 0. 0. 0. 0. 0. 0. 1. 0. 1. 1. 0. 0.][1. 0. 1. 0. 0. 0. 1. 1. 1. 0. 1. 0. 0. 1. 0. 1. 0. 0. 0. 0. 0.][0.         0.58562012 0.         0.41437988]
[1. 0. 0. 0. 0. 0. 0. 0. 0. 0. 0. 0. 0. 0. 0. 1. 0. 1. 0. 0. 0.][0. 0. 0. 0. 1. 1. 1. 0. 1. 0. 0. 0. 0. 0. 0. 1. 1. 1. 0. 0. 1.][0. 1. 0. 0.]
[1. 0. 0. 0. 0. 0. 0. 0. 0. 0. 0. 0. 0. 0. 0. 1. 0. 1. 0. 0. 0.][0. 1. 0. 0. 1. 1. 1. 0. 1. 0. 0. 0. 0. 0. 0. 0. 1. 1. 0. 0. 1.][0.59794989 0.         0.         0.40205011]
[0. 0. 1. 0. 1. 1. 1. 0. 0. 0. 0. 0. 1. 1. 1. 1. 1. 0. 0. 0. 0.][0. 0. 0. 0. 0. 0. 0. 0. 0. 0. 0. 0. 0. 0. 0. 1. 0. 1. 0. 0. 0.][0.         0.38216346 0.26011169 0.35772486]
[0. 0. 0. 0. 0. 0. 0. 0. 0. 0. 0. 0. 0. 1. 0. 0. 0. 1. 1. 0. 0.][0. 1. 0. 1. 1. 1. 0. 0. 0. 0. 0. 0. 1. 1. 1. 0. 0. 0. 0. 0. 1.][0.         0.59753705 0.         0.40246295]
[1. 0. 0. 1. 0. 1. 1. 0. 0. 1. 1. 0. 0. 0. 0. 0. 0. 0. 0. 0. 0.][0. 0. 0. 0. 0. 0. 0. 0. 0. 1. 0. 1. 0. 1. 1. 0. 0. 0. 0. 0. 1.][0. 1. 0. 0.]
[1. 0. 0. 0. 0. 1. 0. 1. 0. 1. 1. 0. 0. 1. 0. 0. 0. 0. 0. 1. 0.][0. 0. 0. 1. 0. 0. 0. 0. 0. 0. 0. 0. 1. 0. 0. 0. 0. 1. 0. 0. 1.][0.         0.42124956 0.57875044 0.        ]
[1. 0. 0. 0. 0. 0. 0. 0. 0. 1. 0. 0. 0. 0. 0. 0. 0. 1. 0. 1. 0.][1. 0. 1. 0. 0. 0. 0. 1. 1. 0. 0. 0. 0. 0. 0. 1. 1. 1. 0. 0. 0.][0. 1. 0. 0.]
[1. 0. 1. 1. 1. 1. 0. 0. 0. 0. 0. 0. 0. 0. 0. 1. 1. 0. 1. 0. 0.][0. 0. 0. 0. 0. 0. 0. 0. 0. 0. 0. 0. 0. 1. 0. 1. 0. 0. 1. 0. 0.][0. 0. 1. 0.]
[1. 0. 0. 0. 0. 0. 0. 0. 0. 0. 0. 0. 0. 0. 0. 1. 1. 0. 0. 0. 0.][0. 0. 1. 0. 0. 0. 0. 1. 1. 1. 1. 1. 0. 0. 0. 0. 0. 1. 1. 0. 0.][0.         0.33793352 0.         0.66206648]
[1. 0. 1. 0. 0. 0. 1. 0. 0. 1. 1. 0. 0. 0. 0. 1. 1. 0. 0. 0. 0.][0. 0. 0. 0. 0. 0. 0. 0. 0. 0. 0. 0. 0. 1. 0. 0. 0. 0. 1. 1. 1.][0.         0.33939218 0.         0.66060782]
[1. 1. 1. 0. 0. 0. 0. 0. 0. 0. 0. 0. 0. 0. 0. 1. 1. 0. 1. 0. 0.][0. 0. 0. 0. 0. 0. 0. 0. 0. 0. 0. 0. 0. 1. 1. 1. 0. 1. 0. 0. 1.][0. 0. 1. 0.]
[0. 0. 0. 1. 0. 1. 0. 1. 1. 0. 1. 1. 0. 0. 0. 0. 0. 0. 1. 0. 0.][0. 1. 0. 0. 1. 0. 0. 0. 0. 0. 0. 0. 0. 0. 0. 0. 0. 0. 0. 1. 1.][0.42978563 0.29865475 0.27155962 0.        ]
