20,3,100
[0. 0. 0. 0. 0. 1. 0. 1. 0. 0. 1. 0. 0. 1. 0. 0. 0. 0. 1. 0. 0.][0. 0. 0. 0. 0. 0. 1. 0. 1. 1. 1. 0. 0. 1. 0. 1. 0. 0. 0. 0. 0.][0.61439636 0.         0.38560364 0.        ]
[0. 0. 0. 0. 0. 0. 0. 0. 0. 0. 0. 0. 0. 1. 0. 0. 0. 0. 1. 0. 0.][0. 1. 0. 0. 0. 0. 1. 1. 1. 1. 0. 1. 1. 1. 0. 0. 0. 0. 1. 0. 0.][0.6071003 0.        0.        0.3928997]
[0. 0. 0. 0. 0. 0. 0. 0. 0. 0. 0. 0. 0. 1. 1. 0. 0. 0. 1. 0. 0.][0. 1. 1. 1. 1. 0. 0. 0. 0. 0. 1. 0. 0. 1. 0. 1. 0. 0. 0. 0. 1.][0.66200429 0.         0.33799571 0.        ]
[0. 0. 0. 0. 0. 0. 0. 0. 0. 0. 0. 0. 0. 1. 1. 0. 0. 0. 0. 0. 0.][1. 0. 1. 1. 1. 0. 1. 0. 0. 0. 0. 0. 1. 1. 0. 0. 1. 0. 0. 1. 0.][1. 0. 0. 0.]
[0. 0. 0. 0. 0. 0. 0. 1. 0. 0. 0. 0. 0. 1. 1. 0. 0. 0. 1. 1. 1.][1. 0. 0. 0. 0. 0. 0. 0. 1. 0. 1. 0. 0. 1. 0. 0. 0. 0. 0. 0. 1.][0.         0.62520891 0.37479109 0.        ]
[0. 0. 0. 0. 0. 0. 0. 0. 0. 0. 0. 0. 0. 1. 1. 0. 0. 0. 1. 1. 1.][0. 0. 0. 0. 0. 0. 0. 0. 1. 1. 0. 1. 0. 0. 1. 1. 0. 0. 0. 1. 0.][0. 1. 0. 0.]
[0. 0. 0. 0. 0. 0. 0. 0. 1. 0. 1. 0. 0. 1. 1. 0. 0. 0. 1. 0. 0.][0. 0. 1. 0. 0. 0. 0. 0. 0. 0. 0. 0. 0. 1. 1. 1. 0. 0. 0. 1. 1.][0. 1. 0. 0.]
[0. 0. 0. 0. 0. 0. 0. 0. 0. 0. 0. 0. 0. 0. 0. 0. 0. 1. 1. 0. 0.][0. 0. 0. 0. 0. 0. 1. 1. 1. 1. 1. 0. 1. 0. 0. 0. 1. 1. 0. 0. 1.][1. 0. 0. 0.]
[0. 0. 0. 0. 0. 0. 0. 0. 0. 0. 0. 0. 0. 0. 0. 1. 0. 1. 0. 0. 0.][0. 0. 0. 1. 1. 1. 1. 1. 0. 1. 0. 0. 0. 1. 1. 0. 0. 0. 1. 0. 0.][0. 0. 1. 0.]
[0. 0. 0. 0. 0. 0. 0. 0. 0. 0. 0. 0. 0. 0. 0. 1. 0. 1. 0. 0. 0.][0. 0. 0. 1. 1. 1. 1. 0. 0. 0. 0. 0. 0. 1. 1. 1. 0. 0. 1. 1. 0.][0.         0.71590976 0.28409024 0.        ]
[0. 0. 1. 1. 0. 1. 1. 1. 1. 0. 0. 0. 1. 0. 1. 0. 1. 0. 0. 0. 0.][0. 0. 0. 0. 0. 0. 0. 0. 0. 0. 0. 0. 0. 0. 0. 0. 0. 1. 1. 0. 0.][0. 1. 0. 0.]
[0. 0. 0. 0. 0. 0. 0. 0. 0. 0. 0. 0. 0. 1. 1. 0. 0. 0. 0. 0. 0.][0. 0. 1. 1. 1. 1. 0. 0. 0. 0. 1. 1. 1. 1. 1. 0. 0. 0. 0. 0. 0.][0.63946856 0.36053144 0.         0.        ]
[1. 0. 0. 0. 0. 0. 0. 0. 0. 0. 0. 0. 0. 1. 0. 0. 0. 0. 0. 0. 0.][0. 1. 0. 0. 0. 0. 1. 1. 0. 1. 0. 1. 1. 1. 0. 0. 1. 0. 1. 0. 0.][0.         0.         0.39947448 0.60052552]
[1. 0. 0. 0. 0. 0. 0. 0. 0. 0. 0. 0. 0. 0. 0. 0. 0. 0. 0. 1. 0.][0. 0. 0. 0. 1. 1. 0. 0. 0. 0. 1. 0. 0. 0. 1. 1. 1. 1. 1. 1. 0.][0.         0.56000257 0.43999743 0.        ]
[1. 0. 1. 1. 1. 0. 1. 1. 0. 0. 0. 0. 1. 0. 1. 0. 1. 0. 0. 0. 0.][0. 0. 0. 0. 0. 0. 0. 0. 0. 0. 0. 0. 0. 0. 1. 1. 0. 0. 0. 0. 0.][0. 1. 0. 0.]
[0. 0. 1. 1. 0. 1. 0. 0. 0. 0. 0. 0. 0. 0. 0. 0. 1. 0. 1. 0. 0.][0. 0. 0. 0. 0. 0. 0. 0. 0. 1. 0. 1. 0. 0. 1. 1. 0. 0. 0. 1. 1.][0. 1. 0. 0.]
[1. 0. 1. 0. 0. 1. 0. 0. 1. 0. 1. 0. 0. 0. 0. 1. 0. 0. 0. 0. 1.][0. 0. 0. 0. 0. 0. 0. 0. 0. 0. 0. 0. 0. 0. 1. 1. 0. 0. 1. 0. 1.][0.38764632 0.         0.         0.61235368]
[1. 1. 1. 1. 0. 0. 0. 0. 0. 0. 0. 0. 0. 0. 0. 0. 1. 0. 1. 0. 0.][0. 0. 0. 0. 0. 0. 0. 0. 0. 0. 1. 0. 0. 0. 0. 1. 0. 1. 1. 1. 0.][0.         0.62885253 0.         0.37114747]
[1. 0. 0. 0. 1. 1. 1. 1. 0. 0. 1. 0. 1. 0. 1. 0. 1. 0. 0. 0. 0.][0. 0. 0. 0. 0. 0. 0. 0. 0. 0. 0. 0. 0. 1. 0. 1. 0. 0. 0. 0. 0.][0.33080892 0.66919108 0.         0.        ]
[1. 1. 1. 1. 0. 1. 0. 0. 1. 1. 1. 0. 0. 0. 0. 0. 0. 0. 1. 0. 0.][0. 1. 0. 0. 0. 0. 0. 0. 0. 0. 0. 0. 0. 0. 0. 0. 0. 0. 1. 0. 0.][0.29352343 0.70647657 0.         0.        ]
