20,3,50
[0. 0. 0. 0. 1. 0. 1. 0. 0. 0. 1. 0. 0. 1. 0. 0. 0. 0. 1. 0. 0.][0. 0. 0. 1. 0. 1. 1. 0. 0. 0. 0. 1. 0. 1. 0. 1. 0. 0. 0. 0. 0.][1. 0. 0. 0.]
[0. 0. 0. 0. 0. 0. 0. 0. 0. 0. 0. 0. 0. 1. 0. 0. 0. 0. 1. 0. 0.][0. 1. 0. 0. 0. 0. 1. 0. 0. 1. 1. 1. 1. 1. 0. 0. 1. 1. 0. 0. 0.][0. 0. 1. 0.]
[0. 0. 0. 0. 0. 0. 1. 1. 0. 0. 0. 0. 0. 1. 0. 0. 0. 0. 1. 0. 0.][1. 0. 0. 0. 0. 0. 1. 1. 0. 1. 0. 1. 1. 1. 0. 0. 0. 0. 0. 0. 0.][0.         0.         0.70570524 0.29429476]
[0. 0. 0. 0. 0. 0. 0. 0. 0. 0. 0. 0. 0. 0. 1. 0. 0. 0. 0. 0. 0.][0. 0. 1. 0. 1. 1. 0. 1. 0. 1. 1. 1. 1. 1. 0. 0. 0. 1. 0. 0. 0.][0. 0. 0. 1.]
[0. 0. 0. 0. 0. 0. 0. 0. 0. 0. 0. 0. 0. 0. 1. 0. 0. 0. 1. 1. 1.][0. 0. 1. 0. 1. 0. 0. 0. 0. 0. 0. 1. 0. 1. 0. 1. 0. 0. 1. 1. 0.][0.         0.55760611 0.         0.44239389]
[0. 0. 0. 0. 0. 0. 0. 0. 0. 0. 0. 0. 0. 0. 1. 0. 0. 0. 1. 0. 1.][0. 1. 0. 0. 0. 0. 1. 0. 0. 0. 0. 1. 1. 1. 1. 0. 0. 1. 0. 1. 0.][0.53764871 0.         0.46235129 0.        ]
[0. 0. 0. 0. 0. 0. 1. 0. 0. 0. 1. 0. 0. 0. 1. 0. 0. 0. 1. 0. 0.][0. 0. 0. 0. 1. 0. 0. 1. 0. 1. 0. 0. 0. 0. 1. 0. 0. 0. 1. 1. 1.][0.58766256 0.         0.41233744 0.        ]
[0. 0. 0. 0. 0. 0. 0. 0. 0. 0. 0. 0. 0. 0. 0. 0. 1. 0. 1. 0. 0.][0. 0. 0. 1. 0. 0. 1. 0. 0. 0. 1. 1. 1. 1. 1. 1. 0. 0. 0. 1. 0.][1. 0. 0. 0.]
[0. 0. 0. 0. 0. 0. 0. 0. 0. 0. 0. 0. 0. 0. 0. 0. 1. 0. 1. 0. 0.][0. 0. 0. 0. 0. 0. 0. 1. 1. 1. 1. 1. 1. 0. 1. 0. 1. 1. 0. 0. 0.][0.40799742 0.59200258 0.         0.        ]
[0. 0. 0. 0. 0. 0. 0. 0. 0. 0. 0. 0. 0. 0. 0. 0. 1. 0. 0. 0. 0.][0. 0. 0. 0. 0. 0. 0. 1. 1. 1. 1. 0. 0. 1. 1. 0. 1. 0. 1. 1. 1.][0.6335663 0.        0.3664337 0.       ]
[0. 0. 0. 0. 1. 1. 0. 0. 0. 0. 0. 0. 1. 1. 1. 1. 0. 1. 0. 0. 0.][0. 1. 0. 0. 1. 0. 0. 0. 0. 0. 0. 0. 0. 0. 0. 0. 1. 0. 1. 0. 0.][1. 0. 0. 0.]
[0. 0. 0. 0. 0. 0. 0. 0. 0. 0. 0. 0. 0. 1. 0. 1. 0. 0. 0. 0. 0.][0. 1. 1. 0. 0. 0. 1. 1. 0. 1. 0. 1. 0. 1. 0. 1. 1. 0. 0. 0. 0.][0. 1. 0. 0.]
[1. 0. 0. 1. 1. 0. 1. 0. 0. 0. 1. 0. 0. 0. 0. 0. 0. 0. 0. 0. 0.][0. 1. 0. 0. 0. 0. 1. 0. 0. 0. 0. 1. 0. 1. 1. 0. 0. 0. 1. 0. 0.][0.55580155 0.44419845 0.         0.        ]
[0. 0. 0. 0. 0. 0. 0. 0. 0. 0. 0. 0. 0. 1. 0. 0. 0. 0. 0. 0. 0.][0. 1. 0. 0. 0. 0. 1. 0. 0. 1. 0. 1. 1. 1. 0. 0. 1. 1. 1. 0. 1.][0. 1. 0. 0.]
[1. 0. 0. 0. 0. 0. 1. 0. 0. 0. 0. 0. 0. 0. 1. 0. 0. 0. 0. 0. 1.][0. 0. 0. 0. 1. 1. 0. 1. 0. 1. 0. 0. 1. 0. 0. 0. 0. 1. 1. 0. 0.][0.         0.40985784 0.         0.59014216]
[1. 0. 0. 0. 0. 0. 1. 1. 1. 0. 1. 0. 0. 0. 0. 0. 0. 0. 0. 1. 1.][0. 0. 0. 0. 0. 0. 0. 0. 0. 0. 0. 0. 0. 1. 0. 1. 0. 0. 1. 1. 0.][0. 0. 1. 0.]
[1. 0. 0. 0. 0. 0. 0. 0. 1. 0. 0. 0. 0. 0. 0. 0. 0. 0. 0. 1. 1.][0. 1. 0. 1. 0. 0. 0. 0. 0. 0. 0. 1. 1. 1. 1. 0. 0. 0. 1. 0. 0.][0. 0. 0. 1.]
[1. 0. 0. 0. 1. 1. 1. 0. 0. 0. 1. 0. 0. 0. 1. 0. 0. 0. 0. 0. 0.][1. 0. 0. 0. 0. 1. 0. 0. 1. 1. 0. 0. 0. 0. 1. 0. 0. 0. 0. 0. 0.][0.         0.         0.55056127 0.44943873]
[1. 0. 0. 0. 1. 0. 1. 1. 1. 0. 1. 0. 0. 0. 0. 1. 0. 0. 0. 0. 0.][0. 1. 0. 0. 0. 0. 0. 0. 0. 0. 0. 0. 0. 1. 0. 0. 0. 0. 1. 1. 0.][0. 0. 1. 0.]
[1. 0. 1. 1. 1. 1. 0. 1. 0. 0. 0. 0. 0. 0. 0. 0. 0. 0. 0. 0. 0.][0. 0. 0. 0. 0. 0. 1. 0. 0. 0. 0. 0. 0. 0. 1. 1. 1. 0. 0. 1. 0.][0.41668417 0.         0.         0.58331583]
